#labels: abs_y_gam_ATLAS_lower[1] abs_y_gam_ATLAS_center[2] abs_y_gam_ATLAS_upper[3] tot_scale01[4] tot_scale01_Err[5] tot_scale02[6] tot_scale02_Err[7] tot_scale03[8] tot_scale03_Err[9] tot_scale04[10] tot_scale04_Err[11] tot_scale05[12] tot_scale05_Err[13] tot_scale06[14] tot_scale06_Err[15] tot_scale07[16] tot_scale07_Err[17]
#neval: 500000000
#overflow:lower center upper 0.00000000000E+00 0.00000000000E+00 0.00000000000E+00 0.00000000000E+00 0.00000000000E+00 0.00000000000E+00 0.00000000000E+00 0.00000000000E+00 0.00000000000E+00 0.00000000000E+00 0.00000000000E+00 0.00000000000E+00 0.00000000000E+00 0.00000000000E+00 
0.00000000000E+00 2.00000000000E-01 4.00000000000E-01 9.78808743159E+04 1.14135176899E+01 9.66965100608E+04 1.12057962636E+01 1.08297310364E+05 1.26461159956E+01 1.06977961665E+05 1.24146009260E+01 9.81773979409E+04 1.15099612579E+01 8.93281768421E+04 1.04041397332E+01 8.95937963603E+04 1.04913110744E+01 
4.00000000000E-01 6.00000000000E-01 8.00000000000E-01 9.57282888482E+04 1.15048092408E+01 9.45479712990E+04 1.13023035166E+01 1.05914323723E+05 1.27467224087E+01 1.04599704577E+05 1.25209561009E+01 9.60424778393E+04 1.15972778544E+01 8.73645771020E+04 1.04877273926E+01 8.76464432611E+04 1.05712566180E+01 
8.00000000000E-01 1.00000000000E+00 1.20000000000E+00 9.12838699701E+04 1.17167968034E+01 9.01188680717E+04 1.15268863988E+01 1.00995878403E+05 1.29804085595E+01 9.96986662112E+04 1.27685135808E+01 9.16242515193E+04 1.17992545412E+01 8.33092094773E+04 1.06817797534E+01 8.36152133326E+04 1.07561323790E+01 
1.20000000000E+00 1.28500000000E+00 1.37000000000E+00 8.65395024660E+04 1.88654765755E+01 8.54096576626E+04 1.85904332907E+01 9.57468323956E+04 2.08964265870E+01 9.44889607792E+04 2.05892373668E+01 8.68867922344E+04 1.89745731046E+01 7.89792331704E+04 1.72014201353E+01 7.92917734810E+04 1.72995044041E+01 
1.37000000000E+00 1.46500000000E+00 1.56000000000E+00 0.00000000000E+00 0.00000000000E+00 0.00000000000E+00 0.00000000000E+00 0.00000000000E+00 0.00000000000E+00 0.00000000000E+00 0.00000000000E+00 0.00000000000E+00 0.00000000000E+00 0.00000000000E+00 0.00000000000E+00 0.00000000000E+00 0.00000000000E+00 
1.56000000000E+00 1.78000000000E+00 2.00000000000E+00 7.43000232886E+04 1.20955833276E+01 7.33657646454E+04 1.19778282630E+01 8.22114666874E+04 1.33945661738E+01 8.11710679235E+04 1.32621853559E+01 7.45591863856E+04 1.21186088431E+01 6.78046714902E+04 1.10308314996E+01 6.80374023504E+04 1.10507424178E+01 
2.00000000000E+00 2.18500000000E+00 2.37000000000E+00 6.04100363640E+04 1.47838025523E+01 5.98059351177E+04 1.47334681469E+01 6.68540101034E+04 1.63642769854E+01 6.61802229630E+04 1.63058429442E+01 6.04693041849E+04 1.47303247509E+01 5.51210882746E+04 1.34872844989E+01 5.51721963479E+04 1.34369923970E+01 
#nx: 3
