#labels: abs_y_gam_plus_y_j1_ATLAS_lower[1] abs_y_gam_plus_y_j1_ATLAS_center[2] abs_y_gam_plus_y_j1_ATLAS_upper[3] tot_scale01[4] tot_scale01_Err[5] tot_scale02[6] tot_scale02_Err[7] tot_scale03[8] tot_scale03_Err[9] tot_scale04[10] tot_scale04_Err[11] tot_scale05[12] tot_scale05_Err[13] tot_scale06[14] tot_scale06_Err[15] tot_scale07[16] tot_scale07_Err[17]
#neval: 500000000
#overflow:lower center upper 0.00000000000E+00 0.00000000000E+00 0.00000000000E+00 0.00000000000E+00 0.00000000000E+00 0.00000000000E+00 0.00000000000E+00 0.00000000000E+00 0.00000000000E+00 0.00000000000E+00 0.00000000000E+00 0.00000000000E+00 0.00000000000E+00 0.00000000000E+00 
0.00000000000E+00 4.00000000000E-01 8.00000000000E-01 5.48056712429E+04 6.67330937357E+00 5.42640742873E+04 6.63489626636E+00 6.06368803395E+04 7.39295453987E+00 6.00325575515E+04 7.34950210948E+00 5.48677016963E+04 6.66436412789E+00 5.00176323489E+04 6.08384001728E+00 5.00714090007E+04 6.07520215176E+00 
8.00000000000E-01 1.20000000000E+00 1.60000000000E+00 5.21827635032E+04 6.56077103531E+00 5.16454737886E+04 6.50358358896E+00 5.77344381177E+04 7.26799675810E+00 5.71352195887E+04 7.20375428852E+00 5.22650392570E+04 6.56649058371E+00 4.76241856096E+04 5.98143654405E+00 4.76966157613E+04 5.98617028960E+00 
1.60000000000E+00 2.00000000000E+00 2.40000000000E+00 4.66485509544E+04 6.27549852205E+00 4.61255392270E+04 6.19294514056E+00 5.16115550573E+04 6.95164743999E+00 5.10287262687E+04 6.85936831220E+00 4.67619076492E+04 6.30306503805E+00 4.25733441837E+04 5.72157517669E+00 4.26744538620E+04 5.74625474469E+00 
2.40000000000E+00 2.80000000000E+00 3.20000000000E+00 3.87886954039E+04 5.81937261466E+00 3.82574087738E+04 5.71542964985E+00 4.29176540905E+04 6.44552693475E+00 4.23263793567E+04 6.32956653232E+00 3.89628831427E+04 5.86776337019E+00 3.53986203412E+04 5.30628881256E+00 3.55556348703E+04 5.34995502338E+00 
3.20000000000E+00 3.60000000000E+00 4.00000000000E+00 2.75774156149E+04 5.26272867676E+00 2.70883692394E+04 5.15700446740E+00 3.05175291781E+04 5.82696554601E+00 2.99739602842E+04 5.70881203949E+00 2.77902728512E+04 5.31678560474E+00 2.51640677467E+04 4.80011807084E+00 2.53569304224E+04 4.84881933356E+00 
4.00000000000E+00 4.30000000000E+00 4.60000000000E+00 1.24262925319E+04 5.32745731334E+00 1.21988363746E+04 5.25253165767E+00 1.37548116714E+04 5.89425651618E+00 1.35020469110E+04 5.81011073882E+00 1.25231623942E+04 5.35296093714E+00 1.13363206916E+04 4.86210612336E+00 1.14241236024E+04 4.88467917708E+00 
#nx: 3
