#labels: abs_yj1_ATLAS_lower[1] abs_yj1_ATLAS_center[2] abs_yj1_ATLAS_upper[3] tot_scale01[4] tot_scale01_Err[5] tot_scale02[6] tot_scale02_Err[7] tot_scale03[8] tot_scale03_Err[9] tot_scale04[10] tot_scale04_Err[11] tot_scale05[12] tot_scale05_Err[13] tot_scale06[14] tot_scale06_Err[15] tot_scale07[16] tot_scale07_Err[17]
#neval: 500000000
#overflow:lower center upper 0.00000000000E+00 0.00000000000E+00 0.00000000000E+00 0.00000000000E+00 0.00000000000E+00 0.00000000000E+00 0.00000000000E+00 0.00000000000E+00 0.00000000000E+00 0.00000000000E+00 0.00000000000E+00 0.00000000000E+00 0.00000000000E+00 0.00000000000E+00 
0.00000000000E+00 2.00000000000E-01 4.00000000000E-01 1.03655681794E+05 1.30061246642E+01 1.02307275871E+05 1.27985115785E+01 1.14679312619E+05 1.44075914754E+01 1.13177540127E+05 1.41757999946E+01 1.04044963997E+05 1.30910952319E+01 9.46033834181E+04 1.18580175521E+01 9.49530934115E+04 1.19345032169E+01 
4.00000000000E-01 6.00000000000E-01 8.00000000000E-01 9.83181674160E+04 1.27146338927E+01 9.70577766320E+04 1.25201296673E+01 1.08775680898E+05 1.40846115496E+01 1.07371953778E+05 1.38673738905E+01 9.86766385117E+04 1.27920762020E+01 8.97309559526E+04 1.15923136489E+01 9.00529222965E+04 1.16619540964E+01 
8.00000000000E-01 1.00000000000E+00 1.20000000000E+00 8.81608041396E+04 1.21995206804E+01 8.70570303425E+04 1.20328570392E+01 9.75412138578E+04 1.35135986839E+01 9.63119695737E+04 1.33272504182E+01 8.84670705249E+04 1.22598456879E+01 8.04585059623E+04 1.11229421664E+01 8.07335061764E+04 1.11770014716E+01 
1.20000000000E+00 1.40000000000E+00 1.60000000000E+00 7.40661580502E+04 1.14736538506E+01 7.31674501342E+04 1.13446795097E+01 8.19520118932E+04 1.27081136027E+01 8.09511617969E+04 1.25635530039E+01 7.43033663083E+04 1.15101997670E+01 6.75917480419E+04 1.04621069827E+01 6.78045778229E+04 1.04944965919E+01 
1.60000000000E+00 1.80000000000E+00 2.00000000000E+00 5.74518082309E+04 1.07229439012E+01 5.68055628751E+04 1.06324364874E+01 6.35760866501E+04 1.18742055980E+01 6.28561756539E+04 1.17722071005E+01 5.75892971151E+04 1.07334236707E+01 5.24246969846E+04 9.77924075245E+00 5.25474486471E+04 9.78781548266E+00 
2.00000000000E+00 2.18500000000E+00 2.37000000000E+00 4.06800625505E+04 1.08995266492E+01 4.03137734758E+04 1.08416491228E+01 4.50251184524E+04 1.20649527123E+01 4.46165163528E+04 1.19989858668E+01 4.06907365526E+04 1.08778937614E+01 3.71146323427E+04 9.94351463209E+00 3.71225634782E+04 9.92271060005E+00 
#nx: 3
