#labels: abs_y_gam_minus_y_j1_ATLAS_lower[1] abs_y_gam_minus_y_j1_ATLAS_center[2] abs_y_gam_minus_y_j1_ATLAS_upper[3] tot_scale01[4] tot_scale01_Err[5] tot_scale02[6] tot_scale02_Err[7] tot_scale03[8] tot_scale03_Err[9] tot_scale04[10] tot_scale04_Err[11] tot_scale05[12] tot_scale05_Err[13] tot_scale06[14] tot_scale06_Err[15] tot_scale07[16] tot_scale07_Err[17]
#neval: 1500000000
#overflow:lower center upper 0.00000000000E+00 0.00000000000E+00 0.00000000000E+00 0.00000000000E+00 0.00000000000E+00 0.00000000000E+00 0.00000000000E+00 0.00000000000E+00 0.00000000000E+00 0.00000000000E+00 0.00000000000E+00 0.00000000000E+00 0.00000000000E+00 0.00000000000E+00 
0.00000000000E+00 4.00000000000E-01 8.00000000000E-01 1.93920927618E+05 3.18932601259E+01 1.93199797126E+05 3.15872940981E+01 2.06948915491E+05 3.88827919662E+01 2.06648934186E+05 3.85069394083E+01 1.94900617843E+05 3.19964004086E+01 1.82162772547E+05 2.67297190326E+01 1.83162462762E+05 2.68170858650E+01 
8.00000000000E-01 1.20000000000E+00 1.60000000000E+00 1.18893635923E+05 2.36805114238E+01 1.18932436198E+05 2.35473686451E+01 1.29586754275E+05 2.87693758532E+01 1.29796390302E+05 2.86038073749E+01 1.18948504999E+05 2.36631842084E+01 1.09850401307E+05 1.99204324862E+01 1.09908834351E+05 1.99062845149E+01 
1.60000000000E+00 2.00000000000E+00 2.40000000000E+00 5.50332084755E+04 1.57781684049E+01 5.56676595823E+04 1.59093722180E+01 6.22008878091E+04 1.91071328860E+01 6.29408956776E+04 1.92649447887E+01 5.44247190766E+04 1.55762726273E+01 4.93436345433E+04 1.33173524464E+01 4.87898488036E+04 1.31484019431E+01 
2.40000000000E+00 2.80000000000E+00 3.20000000000E+00 2.16209173693E+04 1.09160735171E+01 2.23088166540E+04 1.12421119073E+01 2.53045389791E+04 1.32398663641E+01 2.61105552172E+04 1.36365412852E+01 2.09762755279E+04 1.05815648954E+01 1.87977663800E+04 9.19644141410E+00 1.82348849527E+04 8.91644145695E+00 
3.20000000000E+00 3.60000000000E+00 4.00000000000E+00 6.90718890167E+03 7.32408703425E+00 7.31336724336E+03 7.74161354876E+00 8.27329499432E+03 8.90090111971E+00 8.75947155451E+03 9.41017681566E+00 6.54458270353E+03 6.94360274939E+00 5.87718138583E+03 6.15609969226E+00 5.56823770197E+03 5.83779821306E+00 
4.00000000000E+00 4.30000000000E+00 4.60000000000E+00 1.70351970921E+03 5.48860844351E+00 1.84694227175E+03 5.93260390695E+00 2.06452773290E+03 6.70004269024E+00 2.23816166832E+03 7.24313095107E+00 1.58023120640E+03 5.10385113921E+00 1.43324013363E+03 4.59086084134E+00 1.32941264017E+03 4.26981832086E+00 
#nx: 3
