#labels: abs_yj1_ATLAS_lower[1] abs_yj1_ATLAS_center[2] abs_yj1_ATLAS_upper[3] tot_scale01[4] tot_scale01_Err[5] tot_scale02[6] tot_scale02_Err[7] tot_scale03[8] tot_scale03_Err[9] tot_scale04[10] tot_scale04_Err[11] tot_scale05[12] tot_scale05_Err[13] tot_scale06[14] tot_scale06_Err[15] tot_scale07[16] tot_scale07_Err[17]
#neval: 1500000000
#overflow:lower center upper 0.00000000000E+00 0.00000000000E+00 0.00000000000E+00 0.00000000000E+00 0.00000000000E+00 0.00000000000E+00 0.00000000000E+00 0.00000000000E+00 0.00000000000E+00 0.00000000000E+00 0.00000000000E+00 0.00000000000E+00 0.00000000000E+00 0.00000000000E+00 
0.00000000000E+00 2.00000000000E-01 4.00000000000E-01 1.80665750151E+05 3.60327023672E+01 1.80684495499E+05 3.58889238766E+01 1.97252540619E+05 4.35928201124E+01 1.97592145045E+05 4.34149318360E+01 1.80758299149E+05 3.59621576785E+01 1.66695196669E+05 3.04476416029E+01 1.66834133139E+05 3.03910072005E+01 
4.00000000000E-01 6.00000000000E-01 8.00000000000E-01 1.71053681583E+05 3.72557635819E+01 1.71193890144E+05 3.71228401853E+01 1.86716592317E+05 4.51479404502E+01 1.87184370710E+05 4.49828834360E+01 1.71042402835E+05 3.71739668949E+01 1.57854716502E+05 3.14230550200E+01 1.57902367877E+05 3.13565030399E+01 
8.00000000000E-01 1.00000000000E+00 1.20000000000E+00 1.52814735378E+05 3.69005672634E+01 1.53152532911E+05 3.68080179303E+01 1.66745771676E+05 4.47585169786E+01 1.67418927614E+05 4.46422802396E+01 1.52633599800E+05 3.67962911952E+01 1.41065270275E+05 3.10915852791E+01 1.40963373319E+05 3.10055469394E+01 
1.20000000000E+00 1.40000000000E+00 1.60000000000E+00 1.27768490639E+05 3.57818128724E+01 1.28299716359E+05 3.57724329803E+01 1.39343468388E+05 4.34315347516E+01 1.40205808565E+05 4.34172348320E+01 1.27422109143E+05 3.56243640599E+01 1.17994229504E+05 3.01242573181E+01 1.17744020746E+05 2.99934717430E+01 
1.60000000000E+00 1.80000000000E+00 2.00000000000E+00 9.86182484677E+04 3.49021310083E+01 9.92746700836E+04 3.49790874900E+01 1.07498990561E+05 4.24137612180E+01 1.08455971562E+05 4.25049166236E+01 9.81619629640E+04 3.46907920333E+01 9.11098385685E+04 2.93460659080E+01 9.07525505124E+04 2.91697189556E+01 
2.00000000000E+00 2.18500000000E+00 2.37000000000E+00 6.96791440401E+04 3.74165089991E+01 7.03597894778E+04 3.75817120768E+01 7.59457568141E+04 4.55244073047E+01 7.68670140330E+04 4.57221751238E+01 6.91923872565E+04 3.71260444174E+01 6.43787526487E+04 3.14188262753E+01 6.39760315704E+04 3.11755439370E+01 
#nx: 3
