#labels: abs_y_gam_ATLAS_lower[1] abs_y_gam_ATLAS_center[2] abs_y_gam_ATLAS_upper[3] tot_scale01[4] tot_scale01_Err[5] tot_scale02[6] tot_scale02_Err[7] tot_scale03[8] tot_scale03_Err[9] tot_scale04[10] tot_scale04_Err[11] tot_scale05[12] tot_scale05_Err[13] tot_scale06[14] tot_scale06_Err[15] tot_scale07[16] tot_scale07_Err[17]
#neval: 1500000000
#overflow:lower center upper 0.00000000000E+00 0.00000000000E+00 0.00000000000E+00 0.00000000000E+00 0.00000000000E+00 0.00000000000E+00 0.00000000000E+00 0.00000000000E+00 0.00000000000E+00 0.00000000000E+00 0.00000000000E+00 0.00000000000E+00 0.00000000000E+00 0.00000000000E+00 
0.00000000000E+00 2.00000000000E-01 4.00000000000E-01 1.58031479932E+05 2.39061234935E+01 1.57924120397E+05 2.37677623558E+01 1.70886012375E+05 2.86114149936E+01 1.71035315362E+05 2.84461924514E+01 1.58301860371E+05 2.38936938170E+01 1.46932861424E+05 2.04399131904E+01 1.47206351893E+05 2.04351034864E+01 
4.00000000000E-01 6.00000000000E-01 8.00000000000E-01 1.56650092686E+05 2.46781107155E+01 1.56654782735E+05 2.45806217018E+01 1.69688937048E+05 2.95672385385E+01 1.69973905591E+05 2.94524212922E+01 1.56811086230E+05 2.46325514107E+01 1.45447305281E+05 2.10747231997E+01 1.45632282756E+05 2.10423579551E+01 
8.00000000000E-01 1.00000000000E+00 1.20000000000E+00 1.53639301139E+05 2.61167945567E+01 1.53852853110E+05 2.60669138303E+01 1.67024713101E+05 3.13478325293E+01 1.67560695550E+05 3.12905496324E+01 1.53595422375E+05 2.60358503321E+01 1.42246872164E+05 2.22596577287E+01 1.42264929805E+05 2.21970190436E+01 
1.20000000000E+00 1.28500000000E+00 1.37000000000E+00 1.49916632167E+05 4.26668336528E+01 1.50324814528E+05 4.27258393452E+01 1.63559515679E+05 5.12303441036E+01 1.64324748482E+05 5.13097576336E+01 1.49682113891E+05 4.24346146590E+01 1.38405677652E+05 3.63479402475E+01 1.38265735020E+05 3.61622026484E+01 
1.37000000000E+00 1.46500000000E+00 1.56000000000E+00 0.00000000000E+00 0.00000000000E+00 0.00000000000E+00 0.00000000000E+00 0.00000000000E+00 0.00000000000E+00 0.00000000000E+00 0.00000000000E+00 0.00000000000E+00 0.00000000000E+00 0.00000000000E+00 0.00000000000E+00 0.00000000000E+00 0.00000000000E+00 
1.56000000000E+00 1.78000000000E+00 2.00000000000E+00 1.37975699343E+05 2.97465533420E+01 1.38802670831E+05 3.00223440939E+01 1.51786814303E+05 3.58462045193E+01 1.53017903142E+05 3.61887201037E+01 1.37333062040E+05 2.94163188880E+01 1.26530790711E+05 2.52430009309E+01 1.26036582825E+05 2.49721237820E+01 
2.00000000000E+00 2.18500000000E+00 2.37000000000E+00 1.20609719353E+05 3.76426076980E+01 1.21821070409E+05 3.82085185568E+01 1.33759463459E+05 4.54141890175E+01 1.35384339122E+05 4.61094188705E+01 1.19599933696E+05 3.70529948466E+01 1.09875785761E+05 3.19020348860E+01 1.09044402012E+05 3.14134724178E+01 
#nx: 3
