#labels: abs_y_gam_plus_y_j1_ATLAS_lower[1] abs_y_gam_plus_y_j1_ATLAS_center[2] abs_y_gam_plus_y_j1_ATLAS_upper[3] tot_scale01[4] tot_scale01_Err[5] tot_scale02[6] tot_scale02_Err[7] tot_scale03[8] tot_scale03_Err[9] tot_scale04[10] tot_scale04_Err[11] tot_scale05[12] tot_scale05_Err[13] tot_scale06[14] tot_scale06_Err[15] tot_scale07[16] tot_scale07_Err[17]
#neval: 8130000000
#overflow:lower center upper 0.00000000000E+00 0.00000000000E+00 0.00000000000E+00 0.00000000000E+00 0.00000000000E+00 0.00000000000E+00 0.00000000000E+00 0.00000000000E+00 0.00000000000E+00 0.00000000000E+00 0.00000000000E+00 0.00000000000E+00 0.00000000000E+00 0.00000000000E+00 
0.00000000000E+00 4.00000000000E-01 8.00000000000E-01 9.83253753869E+04 2.33438586851E+02 9.98022378977E+04 2.39456558674E+02 9.55387701680E+04 3.17779863437E+02 9.73356750627E+04 3.23411721383E+02 9.73039872800E+04 2.28098065250E+02 9.77840235714E+04 1.98873564639E+02 9.69158194203E+04 1.94178207461E+02 
8.00000000000E-01 1.20000000000E+00 1.60000000000E+00 9.17026060811E+04 2.47204188852E+02 9.31107074555E+04 2.49310885054E+02 8.92197059783E+04 3.36774206532E+02 9.10442796531E+04 3.41698900108E+02 9.06533524378E+04 2.45042287823E+02 9.13327278295E+04 2.09691542680E+02 9.04181421045E+04 2.00409011220E+02 
1.60000000000E+00 2.00000000000E+00 2.40000000000E+00 7.88036441045E+04 2.56061755706E+02 8.00274404004E+04 2.44530807448E+02 7.69071768250E+04 3.40867829354E+02 7.86822296165E+04 3.24828414494E+02 7.80428161289E+04 2.41710669158E+02 7.85636495714E+04 2.13506371501E+02 7.79533707532E+04 2.03452096529E+02 
2.40000000000E+00 2.80000000000E+00 3.20000000000E+00 6.17210525576E+04 2.24021817528E+02 6.25103044039E+04 2.30418445392E+02 6.03460971076E+04 2.95861300245E+02 6.15837530631E+04 2.97815440169E+02 6.11331782791E+04 2.21819073869E+02 6.13836570337E+04 1.88822799093E+02 6.09486473681E+04 1.86864393043E+02 
3.20000000000E+00 3.60000000000E+00 4.00000000000E+00 4.04192485338E+04 2.33589829705E+02 4.06917623627E+04 2.33215965293E+02 3.97083078675E+04 2.84305749189E+02 4.02319008504E+04 2.71990591633E+02 4.00271490520E+04 2.03750951801E+02 4.01197318719E+04 1.86613790487E+02 3.99809786493E+04 1.84529087131E+02 
4.00000000000E+00 4.30000000000E+00 4.60000000000E+00 1.70622293349E+04 1.58409208138E+02 1.71590917972E+04 1.73632365375E+02 1.68444351169E+04 2.05189407399E+02 1.69765686263E+04 2.10624807931E+02 1.70040726988E+04 1.66067650407E+02 1.69565637857E+04 1.47458842881E+02 1.69277183744E+04 1.55744076125E+02 
#nx: 3
