#labels: abs_y_gam_ATLAS_lower[1] abs_y_gam_ATLAS_center[2] abs_y_gam_ATLAS_upper[3] tot_scale01[4] tot_scale01_Err[5] tot_scale02[6] tot_scale02_Err[7] tot_scale03[8] tot_scale03_Err[9] tot_scale04[10] tot_scale04_Err[11] tot_scale05[12] tot_scale05_Err[13] tot_scale06[14] tot_scale06_Err[15] tot_scale07[16] tot_scale07_Err[17]
#neval: 8130000000
#overflow:lower center upper 0.00000000000E+00 0.00000000000E+00 0.00000000000E+00 0.00000000000E+00 0.00000000000E+00 0.00000000000E+00 0.00000000000E+00 0.00000000000E+00 0.00000000000E+00 0.00000000000E+00 0.00000000000E+00 0.00000000000E+00 0.00000000000E+00 0.00000000000E+00 
0.00000000000E+00 2.00000000000E-01 4.00000000000E-01 1.53153932394E+05 2.84220057357E+02 1.55342320566E+05 2.95088891998E+02 1.50088085501E+05 3.20200819181E+02 1.52759603055E+05 3.90301399350E+02 1.51612123835E+05 2.72658879208E+02 1.52610335327E+05 2.31705968319E+02 1.51514280622E+05 2.22138989473E+02 
4.00000000000E-01 6.00000000000E-01 8.00000000000E-01 1.51936505019E+05 2.65681185595E+02 1.53920079746E+05 2.71541268942E+02 1.48467119919E+05 3.85840455531E+02 1.51694974821E+05 3.43722075429E+02 1.50350312852E+05 2.74506350274E+02 1.51197735268E+05 2.19353580296E+02 1.50122687134E+05 2.14130728852E+02 
8.00000000000E-01 1.00000000000E+00 1.20000000000E+00 1.48918053540E+05 2.85563096467E+02 1.50966345479E+05 2.95476129148E+02 1.45237622295E+05 4.38042386583E+02 1.48177671120E+05 4.14239573824E+02 1.47438628564E+05 3.17193846014E+02 1.48188701541E+05 2.45145648581E+02 1.46910342067E+05 2.54743152622E+02 
1.20000000000E+00 1.28500000000E+00 1.37000000000E+00 1.45181185332E+05 4.81084180873E+02 1.47508170676E+05 4.50287719172E+02 1.41558172028E+05 6.54031237277E+02 1.44755645350E+05 5.97230609955E+02 1.44212360554E+05 4.41117961239E+02 1.44682672216E+05 3.87895786850E+02 1.43640277164E+05 3.63858649143E+02 
1.37000000000E+00 1.46500000000E+00 1.56000000000E+00 0.00000000000E+00 0.00000000000E+00 0.00000000000E+00 0.00000000000E+00 0.00000000000E+00 0.00000000000E+00 0.00000000000E+00 0.00000000000E+00 0.00000000000E+00 0.00000000000E+00 0.00000000000E+00 0.00000000000E+00 0.00000000000E+00 0.00000000000E+00 
1.56000000000E+00 1.78000000000E+00 2.00000000000E+00 1.32610672244E+05 3.61341903752E+02 1.34809635251E+05 3.85052960473E+02 1.29638821685E+05 4.76555273437E+02 1.31990732371E+05 4.88908076076E+02 1.31593393643E+05 3.50201528046E+02 1.32162659565E+05 2.96363271031E+02 1.31056733076E+05 3.02789311639E+02 
2.00000000000E+00 2.18500000000E+00 2.37000000000E+00 1.15491904782E+05 4.41847354999E+02 1.17623274527E+05 4.84271092429E+02 1.11973897005E+05 6.27261163101E+02 1.14428967055E+05 6.18451554545E+02 1.14581809022E+05 4.30787795086E+02 1.15114936302E+05 3.98078799534E+02 1.13974831230E+05 3.81080642447E+02 
#nx: 3
