#labels: abs_yj1_ATLAS_lower[1] abs_yj1_ATLAS_center[2] abs_yj1_ATLAS_upper[3] tot_scale01[4] tot_scale01_Err[5] tot_scale02[6] tot_scale02_Err[7] tot_scale03[8] tot_scale03_Err[9] tot_scale04[10] tot_scale04_Err[11] tot_scale05[12] tot_scale05_Err[13] tot_scale06[14] tot_scale06_Err[15] tot_scale07[16] tot_scale07_Err[17]
#neval: 8130000000
#overflow:lower center upper 0.00000000000E+00 0.00000000000E+00 0.00000000000E+00 0.00000000000E+00 0.00000000000E+00 0.00000000000E+00 0.00000000000E+00 0.00000000000E+00 0.00000000000E+00 0.00000000000E+00 0.00000000000E+00 0.00000000000E+00 0.00000000000E+00 0.00000000000E+00 
0.00000000000E+00 2.00000000000E-01 4.00000000000E-01 1.74967161669E+05 4.93116778827E+02 1.77224396129E+05 5.02626602255E+02 1.70786948466E+05 6.42825242851E+02 1.73795790786E+05 6.37442135366E+02 1.73497420006E+05 4.86592247877E+02 1.74173497629E+05 4.18614591485E+02 1.73040673552E+05 4.14451676253E+02 
4.00000000000E-01 6.00000000000E-01 8.00000000000E-01 1.65435449044E+05 5.60234591684E+02 1.67867330307E+05 5.68952937873E+02 1.61707340316E+05 7.33007066972E+02 1.64860299903E+05 7.44933356091E+02 1.63939453737E+05 5.29433017914E+02 1.64785439732E+05 4.69780332449E+02 1.63487341124E+05 4.38852278200E+02 
8.00000000000E-01 1.00000000000E+00 1.20000000000E+00 1.47456391926E+05 5.24123597882E+02 1.49482923403E+05 5.31028007922E+02 1.43744608019E+05 6.89913126457E+02 1.46477643345E+05 6.78452623410E+02 1.46258835994E+05 5.14145479191E+02 1.46907074791E+05 4.40551279233E+02 1.45925350923E+05 4.34728181651E+02 
1.20000000000E+00 1.40000000000E+00 1.60000000000E+00 1.22883823079E+05 5.39601904799E+02 1.24418428302E+05 5.72437558163E+02 1.19957504539E+05 6.58624674271E+02 1.21819123617E+05 7.03761042558E+02 1.21321670960E+05 5.34987536373E+02 1.22561330486E+05 4.49950766558E+02 1.21272146549E+05 4.48792046077E+02 
1.60000000000E+00 1.80000000000E+00 2.00000000000E+00 9.50487083451E+04 4.91799896490E+02 9.65361489566E+04 5.02474816246E+02 9.29493432417E+04 6.06474183063E+02 9.47113305911E+04 6.17949471600E+02 9.40158510688E+04 4.76004781490E+02 9.46189464617E+04 4.10508130324E+02 9.37399885423E+04 4.06279898412E+02 
2.00000000000E+00 2.18500000000E+00 2.37000000000E+00 6.68734851470E+04 4.67808289002E+02 6.82795725268E+04 4.92748150572E+02 6.55446967690E+04 5.93603264280E+02 6.70718932253E+04 6.08820894297E+02 6.59745380634E+04 4.63444901018E+02 6.69960980073E+04 4.29130877991E+02 6.57257091706E+04 4.02891047181E+02 
#nx: 3
