#labels: Et_gam_bin2_ATLAS_lower[1] Et_gam_bin2_ATLAS_center[2] Et_gam_bin2_ATLAS_upper[3] tot_scale01[4] tot_scale01_Err[5] tot_scale02[6] tot_scale02_Err[7] tot_scale03[8] tot_scale03_Err[9] tot_scale04[10] tot_scale04_Err[11] tot_scale05[12] tot_scale05_Err[13] tot_scale06[14] tot_scale06_Err[15] tot_scale07[16] tot_scale07_Err[17]
#neval: 500000000
#overflow:lower center upper 0.00000000000E+00 0.00000000000E+00 0.00000000000E+00 0.00000000000E+00 0.00000000000E+00 0.00000000000E+00 0.00000000000E+00 0.00000000000E+00 0.00000000000E+00 0.00000000000E+00 0.00000000000E+00 0.00000000000E+00 0.00000000000E+00 0.00000000000E+00 
2.50000000000E+01 3.00000000000E+01 3.50000000000E+01 5.21551206578E+05 7.63045554176E+01 4.28121863517E+05 6.33477230641E+01 5.98689349760E+05 8.76365144713E+01 4.91416229839E+05 7.27471458584E+01 6.02479751959E+05 8.75760054130E+01 4.62421153305E+05 6.76269032448E+01 5.34159368199E+05 7.76116149868E+01 
3.50000000000E+01 4.00000000000E+01 4.50000000000E+01 1.58502018712E+05 3.47225874282E+01 1.37574415957E+05 3.05600903506E+01 1.80426293520E+05 3.95312930625E+01 1.56600575429E+05 3.47908754640E+01 1.75683819507E+05 3.81278980374E+01 1.41431909031E+05 3.09796483930E+01 1.56761340790E+05 3.40170468066E+01 
4.50000000000E+01 5.00000000000E+01 5.50000000000E+01 6.19713984530E+04 1.94835818779E+01 5.57559418776E+04 1.77548874436E+01 7.01435381912E+04 2.20545053118E+01 6.31077505042E+04 2.00972759815E+01 6.68395409500E+04 2.08260672427E+01 5.55408699523E+04 1.74608646950E+01 5.99034676786E+04 1.86637373860E+01 
5.50000000000E+01 6.00000000000E+01 6.50000000000E+01 2.84555503957E+04 1.21709324048E+01 2.62683537327E+04 1.13653518383E+01 3.20720501477E+04 1.37183749794E+01 2.96066833921E+04 1.28102103135E+01 3.00862166729E+04 1.27614903527E+01 2.55871843786E+04 1.09437140577E+01 2.70533693432E+04 1.14746360625E+01 
6.50000000000E+01 7.00000000000E+01 7.50000000000E+01 1.46344556081E+04 8.18804862575E+00 1.37781192795E+04 7.79206987599E+00 1.64395769579E+04 9.19829483472E+00 1.54775494148E+04 8.75339177654E+00 1.52360622103E+04 8.45693443141E+00 1.31937997802E+04 7.38182564659E+00 1.37361469184E+04 7.62419831447E+00 
7.50000000000E+01 8.00000000000E+01 8.50000000000E+01 8.14948587411E+03 5.79156932131E+00 7.79392115363E+03 5.59305201203E+00 9.12980257684E+03 6.48837754757E+00 8.73144152609E+03 6.26594174952E+00 8.37966875408E+03 5.91126755015E+00 7.36306765125E+03 5.23260666793E+00 7.57102447699E+03 5.34073377388E+00 
8.50000000000E+01 9.50000000000E+01 1.05000000000E+02 3.92970018032E+03 2.68478270207E+00 3.82313487703E+03 2.63416484144E+00 4.38904679092E+03 2.99874091238E+00 4.26999540122E+03 2.94216629874E+00 3.98567503822E+03 2.70515398331E+00 3.55910949057E+03 2.43151141671E+00 3.60978958113E+03 2.44994056482E+00 
1.05000000000E+02 1.15000000000E+02 1.25000000000E+02 1.64748373230E+03 1.65461678137E+00 1.63433364128E+03 1.65194665409E+00 1.83357444075E+03 1.84153821031E+00 1.81893168433E+03 1.83855483636E+00 1.64467161510E+03 1.64332024875E+00 1.49634827053E+03 1.50281135279E+00 1.49379017649E+03 1.49254495889E+00 
1.25000000000E+02 1.37500000000E+02 1.50000000000E+02 7.26651548632E+02 9.84409249156E-01 7.32584979579E+02 9.94871027094E-01 8.06315175643E+02 1.09229703004E+00 8.12895953059E+02 1.10390057763E+00 7.15814039917E+02 9.67837441997E-01 6.61584147376E+02 8.96284331716E-01 6.51715373986E+02 8.81193477639E-01 
1.50000000000E+02 1.62500000000E+02 1.75000000000E+02 3.29441682586E+02 5.66291908433E-01 3.37031605940E+02 5.79577373016E-01 3.64563153004E+02 6.26726333241E-01 3.72961290144E+02 6.41426060424E-01 3.20579607015E+02 5.50939412934E-01 3.00606810316E+02 5.16684769018E-01 2.92519898954E+02 5.02675259503E-01 
1.75000000000E+02 1.87500000000E+02 2.00000000000E+02 1.65117248876E+02 3.18590374963E-01 1.70937026587E+02 3.30725157416E-01 1.82316918303E+02 3.51798148062E-01 1.88742601033E+02 3.65196320479E-01 1.59075072527E+02 3.06256209918E-01 1.50937359579E+02 2.91216056925E-01 1.45413899412E+02 2.79940899785E-01 
2.00000000000E+02 2.25000000000E+02 2.50000000000E+02 6.98940378635E+01 1.26823264989E-01 7.33153301621E+01 1.33649752095E-01 7.69881151593E+01 1.39697197720E-01 8.07563067075E+01 1.47215417200E-01 6.65893351682E+01 1.20349700447E-01 6.40184448502E+01 1.16160912191E-01 6.09913623747E+01 1.10230939881E-01 
2.50000000000E+02 2.75000000000E+02 3.00000000000E+02 2.47592347114E+01 8.04281107325E-02 2.63910026779E+01 8.56493443842E-02 2.71948817979E+01 8.83494075702E-02 2.89870935878E+01 9.40844535574E-02 2.32641638581E+01 7.56250791111E-02 2.27310699131E+01 7.38334477695E-02 2.13584271360E+01 6.94240154957E-02 
3.00000000000E+02 3.25000000000E+02 3.50000000000E+02 9.97312510828E+00 3.62160921998E-02 1.07681391306E+01 3.90638223325E-02 1.09299850545E+01 3.96949762519E-02 1.18012540966E+01 4.28161075405E-02 9.26556507246E+00 3.36726553013E-02 9.17298115089E+00 3.33075446117E-02 8.52217708750E+00 3.09682938964E-02 
3.50000000000E+02 3.75000000000E+02 4.00000000000E+02 4.44187665384E+00 1.73678175380E-02 4.84865402042E+00 1.89449992277E-02 4.85924457110E+00 1.90012649148E-02 5.30423658833E+00 2.07267287563E-02 4.08696564950E+00 1.59882942029E-02 4.09164853024E+00 1.59973583464E-02 3.76471750882E+00 1.47266632560E-02 
4.00000000000E+02 4.35000000000E+02 4.70000000000E+02 1.88954479225E+00 6.84092258437E-03 2.08484207236E+00 7.54197394082E-03 2.06357546722E+00 7.47184522973E-03 2.27685580945E+00 8.23752484233E-03 1.72202555556E+00 6.23824237334E-03 1.74303977115E+00 6.30990264696E-03 1.58850686991E+00 5.75399021449E-03 
4.70000000000E+02 5.10000000000E+02 5.50000000000E+02 6.99172142605E-01 2.60285499636E-03 7.80857933891E-01 2.90511174703E-03 7.62176409966E-01 2.83772010937E-03 8.51221697165E-01 3.16724080189E-03 6.30319634909E-01 2.34768755518E-03 6.45946226964E-01 2.40448494937E-03 5.82334528414E-01 2.16875947918E-03 
5.50000000000E+02 6.00000000000E+02 6.50000000000E+02 2.36929495275E-01 8.80269890278E-04 2.67863774577E-01 9.94355715148E-04 2.57831473870E-01 9.58051171692E-04 2.91494248632E-01 1.08221429877E-03 2.11272365789E-01 7.85511314344E-04 2.19213603069E-01 8.14360903672E-04 1.95474658835E-01 7.26695521852E-04 
6.50000000000E+02 7.00000000000E+02 7.50000000000E+02 7.63693842468E-02 3.12242696817E-04 8.74226776582E-02 3.57119642618E-04 8.29684079133E-02 3.39256792920E-04 9.49766822888E-02 3.88015435885E-04 6.73386240173E-02 2.75535214445E-04 7.07581505598E-02 2.89276666347E-04 6.23908612934E-02 2.55268640919E-04 
7.50000000000E+02 8.25000000000E+02 9.00000000000E+02 2.12744054725E-02 8.21977578083E-05 2.46585887333E-02 9.50917539199E-05 2.30768839725E-02 8.91757762043E-05 2.67477377372E-02 1.03164058502E-04 1.85476822962E-02 7.17870529146E-05 1.97372386896E-02 7.62486196216E-05 1.72075054927E-02 6.65912376480E-05 
9.00000000000E+02 1.00000000000E+03 1.10000000000E+03 3.99777495355E-03 1.62318192849E-05 4.70607069539E-03 1.90505211763E-05 4.32876125476E-03 1.75788834936E-05 5.09568688693E-03 2.06314437319E-05 3.43638783589E-03 1.39904554956E-05 3.71453410462E-03 1.50794679163E-05 3.19291532886E-03 1.29971952510E-05 
1.10000000000E+03 1.30000000000E+03 1.50000000000E+03 3.46846473933E-04 1.48485490164E-06 4.15712847560E-04 1.77023223313E-06 3.74830711259E-04 1.60511059922E-06 4.49251710051E-04 1.91359372478E-06 2.93319241254E-04 1.26164619170E-06 3.22809615138E-04 1.38161868662E-06 2.72991118007E-04 1.17392579778E-06 
#nx: 3
