#labels: Et_gam_bin4_ATLAS_lower[1] Et_gam_bin4_ATLAS_center[2] Et_gam_bin4_ATLAS_upper[3] tot_scale01[4] tot_scale01_Err[5] tot_scale02[6] tot_scale02_Err[7] tot_scale03[8] tot_scale03_Err[9] tot_scale04[10] tot_scale04_Err[11] tot_scale05[12] tot_scale05_Err[13] tot_scale06[14] tot_scale06_Err[15] tot_scale07[16] tot_scale07_Err[17]
#neval: 1500000000
#overflow:lower center upper 0.00000000000E+00 0.00000000000E+00 0.00000000000E+00 0.00000000000E+00 0.00000000000E+00 0.00000000000E+00 0.00000000000E+00 0.00000000000E+00 0.00000000000E+00 0.00000000000E+00 0.00000000000E+00 0.00000000000E+00 0.00000000000E+00 0.00000000000E+00 
2.50000000000E+01 3.00000000000E+01 3.50000000000E+01 8.66171586062E+05 3.41899265483E+02 7.86479261082E+05 3.03208810531E+02 1.03348530402E+06 4.48411284860E+02 9.47408092965E+05 3.97624895866E+02 9.25796690081E+05 3.75869084970E+02 7.45014864567E+05 2.70649449801E+02 8.01579703871E+05 2.97527994329E+02 
3.50000000000E+01 4.00000000000E+01 4.50000000000E+01 2.44054276983E+05 1.06298970819E+02 2.29648496748E+05 1.00181484614E+02 2.85770229916E+05 1.35483617045E+02 2.71050891943E+05 1.27798189951E+02 2.54663044086E+05 1.11585871363E+02 2.12977132472E+05 8.62708857180E+01 2.23400449544E+05 9.06268468578E+01 
4.50000000000E+01 5.00000000000E+01 5.50000000000E+01 9.09165490669E+04 5.19561770261E+01 8.73989634841E+04 4.97616867727E+01 1.05166484525E+05 6.50569507290E+01 1.01776268894E+05 6.23613935021E+01 9.34774682291E+04 5.37768030361E+01 8.00957780603E+04 4.28189387214E+01 8.26973370330E+04 4.43512529257E+01 
5.50000000000E+01 6.00000000000E+01 6.50000000000E+01 4.01655651811E+04 2.91308750088E+01 3.91775150945E+04 2.82680454095E+01 4.60446996847E+04 3.59405640404E+01 4.51667538159E+04 3.49073240446E+01 4.08751007445E+04 2.98233473179E+01 3.56359462859E+04 2.43222990289E+01 3.63872226454E+04 2.49194539852E+01 
6.50000000000E+01 7.00000000000E+01 7.50000000000E+01 1.99600484778E+04 1.81351629724E+01 1.96769670565E+04 1.77872579275E+01 2.27245852055E+04 2.21097909796E+01 2.25090797588E+04 2.17067363913E+01 2.01582500795E+04 1.83995246849E+01 1.78056965901E+04 1.53002138857E+01 1.80300905726E+04 1.55358578307E+01 
7.50000000000E+01 8.00000000000E+01 8.50000000000E+01 1.08094185472E+04 1.21054174027E+01 1.07460253389E+04 1.19836013765E+01 1.22426104288E+04 1.46146613778E+01 1.22192250429E+04 1.44831114488E+01 1.08492606299E+04 1.21843671633E+01 9.68256191124E+03 1.03004264923E+01 9.73812085577E+03 1.03767843993E+01 
8.50000000000E+01 9.50000000000E+01 1.05000000000E+02 4.99965586814E+03 4.69066667735E+00 5.01481918013E+03 4.69500310483E+00 5.62886990148E+03 5.53664727476E+00 5.66309043873E+03 5.55075122738E+00 4.98484017869E+03 4.68367102152E+00 4.49986012037E+03 4.07391669266E+00 4.49249871597E+03 4.07224453343E+00 
1.05000000000E+02 1.15000000000E+02 1.25000000000E+02 1.95728186503E+03 2.62236498877E+00 1.98274522326E+03 2.65409802711E+00 2.18871981344E+03 3.04532288565E+00 2.22126588767E+03 3.08759517479E+00 1.93669782656E+03 2.59328256673E+00 1.77123442399E+03 2.30891954226E+00 1.75338145179E+03 2.28571054897E+00 
1.25000000000E+02 1.37500000000E+02 1.50000000000E+02 8.01629553298E+02 1.40657937097E+00 8.18970428966E+02 1.43659653749E+00 8.91617266829E+02 1.60090962785E+00 9.11610855847E+02 1.63812929091E+00 7.87879835474E+02 1.38074230516E+00 7.28582137798E+02 1.25928798512E+00 7.15850359410E+02 1.23719175559E+00 
1.50000000000E+02 1.62500000000E+02 1.75000000000E+02 3.31197878960E+02 7.99303540164E-01 3.40799592653E+02 8.24647559871E-01 3.66633402202E+02 9.02898963428E-01 3.77140021261E+02 9.33424407476E-01 3.23577214794E+02 7.78201817472E-01 3.02179469425E+02 7.20026443097E-01 2.94902980497E+02 7.01593596259E-01 
1.75000000000E+02 1.87500000000E+02 2.00000000000E+02 1.49066881040E+02 4.41163610050E-01 1.54388392842E+02 4.59629277835E-01 1.64505450122E+02 4.96293634746E-01 1.70174429011E+02 5.18346643401E-01 1.44821375050E+02 4.26554600546E-01 1.36349884575E+02 3.98887408223E-01 1.32243287455E+02 3.86036806993E-01 
2.00000000000E+02 2.25000000000E+02 2.50000000000E+02 5.37119432296E+01 1.61840892370E-01 5.59950321193E+01 1.68733888718E-01 5.90293914882E+01 1.78460512688E-01 6.13986401701E+01 1.86762889882E-01 5.18851234170E+01 1.57532537271E-01 4.92970000250E+01 1.48972694409E-01 4.75054210257E+01 1.45044425492E-01 
2.50000000000E+02 2.75000000000E+02 3.00000000000E+02 1.44515792174E+01 7.82719048016E-02 1.52049776048E+01 8.32315698678E-02 1.58260308800E+01 8.59467133182E-02 1.65935578839E+01 9.16877957546E-02 1.38416904793E+01 7.45974128543E-02 1.33026928944E+01 7.21552840795E-02 1.27008533565E+01 6.87901773415E-02 
3.00000000000E+02 3.25000000000E+02 3.50000000000E+02 4.33674389118E+00 2.99439583846E-02 4.58830411656E+00 3.23422875931E-02 4.73017858398E+00 3.29474986431E-02 4.98097719155E+00 3.57309527400E-02 4.13162177351E+00 2.81716270168E-02 4.00526631637E+00 2.75578810233E-02 3.80062045723E+00 2.59463109931E-02 
3.50000000000E+02 3.75000000000E+02 4.00000000000E+02 1.39989134179E+00 1.17385192424E-02 1.49317985925E+00 1.28405909003E-02 1.52506741789E+00 1.29286292115E-02 1.61853648504E+00 1.42064380715E-02 1.32206597962E+00 1.09158201610E-02 1.29344923898E+00 1.07853932592E-02 1.21704930582E+00 1.00450137770E-02 
4.00000000000E+02 4.35000000000E+02 4.70000000000E+02 4.01720975004E-01 3.66981279584E-03 4.31209557236E-01 4.06777263876E-03 4.37095323391E-01 4.04462356777E-03 4.66438294715E-01 4.50401433728E-03 3.77247202686E-01 3.37819940833E-03 3.71777941085E-01 3.37091460602E-03 3.47468595973E-01 3.10587885461E-03 
4.70000000000E+02 5.10000000000E+02 5.50000000000E+02 8.70191420114E-02 9.92630137019E-04 9.38411318453E-02 1.11555913941E-03 9.44970216045E-02 1.09673782355E-03 1.01180730730E-01 1.23881660223E-03 8.12844310932E-02 9.04162580355E-04 8.06441438260E-02 9.09723378972E-04 7.49336258041E-02 8.29639959993E-04 
5.50000000000E+02 6.00000000000E+02 6.50000000000E+02 1.49564464159E-02 2.09153213449E-04 1.62241636171E-02 2.37734056858E-04 1.61870110418E-02 2.29798998697E-04 1.74262915397E-02 2.62954100248E-04 1.38874293720E-02 1.89293898087E-04 1.39007196635E-02 1.92586200894E-04 1.28300808258E-02 1.74532476190E-04 
6.50000000000E+02 7.00000000000E+02 7.50000000000E+02 2.14959833758E-03 4.34084186454E-05 2.33125559462E-03 4.97967056527E-05 2.31556759397E-03 4.76816031985E-05 2.48650206564E-03 5.50946998008E-05 1.99319120620E-03 3.91046798781E-05 2.00615720276E-03 3.99823370976E-05 1.84710118352E-03 3.60597749971E-05 
7.50000000000E+02 8.25000000000E+02 9.00000000000E+02 2.18340595124E-04 5.81922380039E-06 2.40973087766E-04 6.83337699427E-06 2.35500288512E-04 6.37774687203E-06 2.57490890948E-04 7.53482724699E-06 1.99147559057E-04 5.11487494701E-06 2.03562657539E-04 5.36655654978E-06 1.84445000584E-04 4.72299914537E-06 
9.00000000000E+02 1.00000000000E+03 1.10000000000E+03 6.16181360299E-06 2.82260319846E-07 6.86595980278E-06 3.39977111450E-07 6.64435982168E-06 3.11903309701E-07 7.32290548259E-06 3.78195720349E-07 5.55753826582E-06 2.43220835346E-07 5.74611400710E-06 2.58422315212E-07 5.14400963325E-06 2.23076345694E-07 
1.10000000000E+03 1.30000000000E+03 1.50000000000E+03 4.80582809044E-09 7.54236381847E-10 5.72899986459E-09 9.85044088546E-10 5.23428905149E-09 8.32082296135E-10 6.36811183451E-09 1.09310738269E-09 4.08071181896E-09 6.03206728363E-10 4.43766072247E-09 6.91784345046E-10 3.75196445707E-09 5.53344381358E-10 
#nx: 3
