#labels: Et_gam_bin3_ATLAS_lower[1] Et_gam_bin3_ATLAS_center[2] Et_gam_bin3_ATLAS_upper[3] tot_scale01[4] tot_scale01_Err[5] tot_scale02[6] tot_scale02_Err[7] tot_scale03[8] tot_scale03_Err[9] tot_scale04[10] tot_scale04_Err[11] tot_scale05[12] tot_scale05_Err[13] tot_scale06[14] tot_scale06_Err[15] tot_scale07[16] tot_scale07_Err[17]
#neval: 12577746000
#overflow:lower center upper 0.00000000000E+00 0.00000000000E+00 0.00000000000E+00 0.00000000000E+00 0.00000000000E+00 0.00000000000E+00 0.00000000000E+00 0.00000000000E+00 0.00000000000E+00 0.00000000000E+00 0.00000000000E+00 0.00000000000E+00 0.00000000000E+00 0.00000000000E+00 
2.50000000000E+01 3.00000000000E+01 3.50000000000E+01 4.40868836875E+05 1.37854059536E+03 4.42628338371E+05 1.31051140818E+03 4.50701225767E+05 2.05765679689E+03 4.73230806407E+05 1.92241207919E+03 4.31645930566E+05 1.45611502366E+03 4.17142438270E+05 9.96724128708E+02 4.19079739321E+05 1.05428644924E+03 
3.50000000000E+01 4.00000000000E+01 4.50000000000E+01 1.22199526726E+05 4.51710112263E+02 1.23783092314E+05 4.37203470424E+02 1.23887776836E+05 6.49714987097E+02 1.29596647312E+05 6.24641888997E+02 1.20040988820E+05 4.61174913074E+02 1.16666337635E+05 3.32057279785E+02 1.16606912763E+05 3.39074265184E+02 
4.50000000000E+01 5.00000000000E+01 5.50000000000E+01 4.53839518273E+04 1.65059284396E+02 4.59917103441E+04 1.66641837939E+02 4.59420946146E+04 2.33805626873E+02 4.76626624804E+04 2.29769217113E+02 4.46440765757E+04 1.66367987620E+02 4.35202662198E+04 1.27336185659E+02 4.33420320785E+04 1.26560494354E+02 
5.50000000000E+01 6.00000000000E+01 6.50000000000E+01 1.99630430135E+04 8.25818279420E+01 2.02416658086E+04 9.00328947046E+01 2.02266832276E+04 1.11476662247E+02 2.07896562981E+04 1.23089775158E+02 1.96248816326E+04 8.12761520109E+01 1.91792342542E+04 6.37842442196E+01 1.90580496356E+04 6.30329493716E+01 
6.50000000000E+01 7.00000000000E+01 7.50000000000E+01 9.86452733421E+03 4.88812852926E+01 9.97626975505E+03 4.62835262517E+01 9.94266889829E+03 6.80024824561E+01 1.01865551121E+04 6.17893986267E+01 9.72893494491E+03 4.35176019125E+01 9.52576194556E+03 3.83086372093E+01 9.45650466849E+03 3.45126694212E+01 
7.50000000000E+01 8.00000000000E+01 8.50000000000E+01 5.43822378728E+03 2.77127713172E+01 5.53817488627E+03 3.02632744497E+01 5.52550442052E+03 3.75479560640E+01 5.66375540104E+03 3.79375727400E+01 5.37802337472E+03 2.69620453992E+01 5.24537020963E+03 2.23181565065E+01 5.21022254821E+03 2.17373312549E+01 
8.50000000000E+01 9.50000000000E+01 1.05000000000E+02 2.51031028653E+03 8.92985679652E+00 2.55406239497E+03 9.21777647650E+00 2.53361759677E+03 1.19338250493E+01 2.59727670552E+03 1.20458200356E+01 2.48557702995E+03 8.77137976378E+00 2.43613481756E+03 7.28833906325E+00 2.41521702286E+03 7.15414733230E+00 
1.05000000000E+02 1.15000000000E+02 1.25000000000E+02 1.02757612150E+03 4.83574393728E+00 1.04203550799E+03 4.66375626547E+00 1.03488066173E+03 5.71324076331E+00 1.05965855846E+03 6.18974111541E+00 1.01793436550E+03 4.50168679238E+00 9.95539137624E+02 3.92394035421E+00 9.86289588039E+02 3.69543177593E+00 
1.25000000000E+02 1.37500000000E+02 1.50000000000E+02 4.33831280709E+02 1.85507875929E+00 4.39946611729E+02 2.02313142181E+00 4.38800173076E+02 2.33884749406E+00 4.45088826048E+02 2.55791575696E+00 4.29758016149E+02 1.82104208884E+00 4.21862185225E+02 1.57969058930E+00 4.17703737699E+02 1.57393123222E+00 
1.50000000000E+02 1.62500000000E+02 1.75000000000E+02 1.85973411565E+02 9.42965546229E-01 1.88522686896E+02 9.79438328633E-01 1.88003400790E+02 1.16807643930E+00 1.90549781805E+02 1.27621663583E+00 1.84455939270E+02 9.56593213388E-01 1.81379313341E+02 8.06744271509E-01 1.79624208230E+02 8.21290954874E-01 
1.75000000000E+02 1.87500000000E+02 2.00000000000E+02 9.00646932492E+01 5.28378327285E-01 9.10006163246E+01 5.43853208021E-01 9.11377944973E+01 6.39491280174E-01 9.19309017437E+01 6.71337568490E-01 8.91692459128E+01 5.14582473402E-01 8.77505758565E+01 4.57157086814E-01 8.66298037828E+01 4.46705972740E-01 
2.00000000000E+02 2.25000000000E+02 2.50000000000E+02 3.55082370533E+01 1.76180370538E-01 3.59953713251E+01 1.84836481384E-01 3.57535920041E+01 2.11884828822E-01 3.61364824416E+01 2.30367973710E-01 3.50405495651E+01 1.68072437619E-01 3.46567010948E+01 1.54943288670E-01 3.40619909618E+01 1.47441175356E-01 
2.50000000000E+02 2.75000000000E+02 3.00000000000E+02 1.09712877893E+01 7.74586871220E-02 1.11257051900E+01 7.99512062006E-02 1.10730684315E+01 9.29680043990E-02 1.11237219677E+01 9.63779808035E-02 1.08310720822E+01 7.55877351255E-02 1.07102903544E+01 7.10852510801E-02 1.05164736521E+01 6.79411342944E-02 
3.00000000000E+02 3.25000000000E+02 3.50000000000E+02 3.92692926075E+00 3.29674738032E-02 3.99725925976E+00 3.57555319875E-02 3.97704911411E+00 3.84564769713E-02 3.97582209329E+00 4.29180758823E-02 3.88651616655E+00 3.19985874020E-02 3.85540138319E+00 3.04902951935E-02 3.79713119291E+00 2.95480685898E-02 
3.50000000000E+02 3.75000000000E+02 4.00000000000E+02 1.52603926537E+00 1.53299699022E-02 1.56355582418E+00 1.65538524453E-02 1.53775206732E+00 1.79694069396E-02 1.56623744498E+00 1.97462842809E-02 1.50467250793E+00 1.46173704142E-02 1.48808130014E+00 1.38228278126E-02 1.46123097967E+00 1.32133852573E-02 
4.00000000000E+02 4.35000000000E+02 4.70000000000E+02 5.41850585793E-01 5.51566204928E-03 5.47579748522E-01 5.82684578271E-03 5.45960694173E-01 6.32938305684E-03 5.47170102580E-01 6.85681656567E-03 5.35379067884E-01 5.32326099169E-03 5.27367350773E-01 4.99610619264E-03 5.18821631594E-01 4.77672861320E-03 
4.70000000000E+02 5.10000000000E+02 5.50000000000E+02 1.53967315025E-01 1.71595555210E-03 1.57608925603E-01 1.91391155848E-03 1.56373727081E-01 1.99044175767E-03 1.57720085155E-01 2.23348431033E-03 1.52538010040E-01 1.66474479774E-03 1.50787285743E-01 1.58369930110E-03 1.47271987424E-01 1.50379505153E-03 
5.50000000000E+02 6.00000000000E+02 6.50000000000E+02 3.74261889197E-02 4.31683968627E-04 3.83243676755E-02 5.06865975995E-04 3.84669575531E-02 5.16370016615E-04 3.87201399598E-02 5.81872339070E-04 3.67266534234E-02 4.24308522559E-04 3.65366058308E-02 4.15435695232E-04 3.53964222870E-02 3.86786532435E-04 
6.50000000000E+02 7.00000000000E+02 7.50000000000E+02 7.83253377966E-03 1.12782946870E-04 8.07371201057E-03 1.27025794591E-04 8.09288323839E-03 1.29404944885E-04 8.18128462363E-03 1.46989342668E-04 7.71745868780E-03 1.07494560377E-04 7.67706590422E-03 1.06050039967E-04 7.43835494549E-03 9.87864800860E-05 
7.50000000000E+02 8.25000000000E+02 9.00000000000E+02 1.26533871062E-03 2.01016627725E-05 1.32280644981E-03 2.30902228961E-05 1.30010515704E-03 2.24654378770E-05 1.35020735829E-03 2.61376662491E-05 1.22818219910E-03 1.85552161633E-05 1.23161280758E-03 1.87014432542E-05 1.18414591342E-03 1.70743979835E-05 
9.00000000000E+02 1.00000000000E+03 1.10000000000E+03 9.37286164435E-05 2.00839089497E-06 9.79787984595E-05 2.35477972409E-06 9.72058508722E-05 2.22981125043E-06 1.01180571190E-04 2.62661531100E-06 8.90781894623E-05 1.73444773024E-06 8.99272386363E-05 1.79891942426E-06 8.63365528988E-05 1.63646768209E-06 
1.10000000000E+03 1.30000000000E+03 1.50000000000E+03 1.72973576364E-06 5.47537763504E-08 1.83867217812E-06 6.56317839087E-08 1.80401737405E-06 5.98075264012E-08 1.94083337782E-06 7.21351451388E-08 1.62071301261E-06 4.81119600913E-08 1.66208573415E-06 5.10315272598E-08 1.55277928263E-06 4.47906264508E-08 
#nx: 3
