#labels: Et_gam_bin2_ATLAS_lower[1] Et_gam_bin2_ATLAS_center[2] Et_gam_bin2_ATLAS_upper[3] tot_scale01[4] tot_scale01_Err[5] tot_scale02[6] tot_scale02_Err[7] tot_scale03[8] tot_scale03_Err[9] tot_scale04[10] tot_scale04_Err[11] tot_scale05[12] tot_scale05_Err[13] tot_scale06[14] tot_scale06_Err[15] tot_scale07[16] tot_scale07_Err[17]
#neval: 12577746000
#overflow:lower center upper 0.00000000000E+00 0.00000000000E+00 0.00000000000E+00 0.00000000000E+00 0.00000000000E+00 0.00000000000E+00 0.00000000000E+00 0.00000000000E+00 0.00000000000E+00 0.00000000000E+00 0.00000000000E+00 0.00000000000E+00 0.00000000000E+00 0.00000000000E+00 
2.50000000000E+01 3.00000000000E+01 3.50000000000E+01 1.42850462221E+06 2.79944768471E+03 1.43145657735E+06 2.58616493933E+03 1.45676498923E+06 4.22168317873E+03 1.52892261768E+06 3.84038432621E+03 1.39847590710E+06 2.68228000505E+03 1.35263897909E+06 1.99378070587E+03 1.35999109504E+06 1.89614803471E+03 
3.50000000000E+01 4.00000000000E+01 4.50000000000E+01 3.94484078546E+05 7.81517304602E+02 3.98732135802E+05 7.51122923152E+02 3.99771335724E+05 1.15147898744E+03 4.18044702288E+05 1.08351798560E+03 3.86170709906E+05 8.25018303698E+02 3.76886920509E+05 5.72640825791E+02 3.76136020367E+05 5.94864623842E+02 
4.50000000000E+01 5.00000000000E+01 5.50000000000E+01 1.45609800723E+05 3.17643893434E+02 1.47728321208E+05 2.82209585404E+02 1.47613989560E+05 4.56029957923E+02 1.53395221988E+05 3.95142459018E+02 1.43164923204E+05 3.11000027309E+02 1.39669125547E+05 2.37599472556E+02 1.39159036924E+05 2.30619317795E+02 
5.50000000000E+01 6.00000000000E+01 6.50000000000E+01 6.40519188105E+04 1.38217244318E+02 6.50098771386E+04 1.39153465787E+02 6.48225774610E+04 1.94704570956E+02 6.70446992292E+04 1.91124357311E+02 6.30099426607E+04 1.40471209664E+02 6.16417122398E+04 1.06123495659E+02 6.12598404256E+04 1.07185380819E+02 
6.50000000000E+01 7.00000000000E+01 7.50000000000E+01 3.15492709638E+04 7.58539891410E+01 3.21656291498E+04 7.60354581662E+01 3.18211075637E+04 1.05329992436E+02 3.29586249669E+04 1.03770336271E+02 3.10647028492E+04 7.53279086089E+01 3.04956856331E+04 5.89737652519E+01 3.02669491383E+04 5.78824940568E+01 
7.50000000000E+01 8.00000000000E+01 8.50000000000E+01 1.72452964740E+04 5.14297725535E+01 1.75634230103E+04 4.47609661141E+01 1.74586578073E+04 7.03473833174E+01 1.79739894115E+04 6.41581117499E+01 1.70188098800E+04 4.64710934341E+01 1.66750395930E+04 3.98866813207E+01 1.65466306340E+04 3.63450371792E+01 
8.50000000000E+01 9.50000000000E+01 1.05000000000E+02 8.04866554075E+03 1.50868357733E+01 8.19025100487E+03 1.64850555813E+01 8.13079926593E+03 2.02569088011E+01 8.33134203123E+03 2.04528943441E+01 7.94486753326E+03 1.46082918751E+01 7.80573244109E+03 1.19320908517E+01 7.73270920607E+03 1.15998334831E+01 
1.05000000000E+02 1.15000000000E+02 1.25000000000E+02 3.26922129381E+03 6.91635517558E+00 3.32322427821E+03 7.03671854897E+00 3.30591973591E+03 9.04974346239E+00 3.37444796543E+03 9.20139899765E+00 3.23155335323E+03 7.54774965852E+00 3.17466835841E+03 5.64056363354E+00 3.14407703820E+03 6.04239874875E+00 
1.25000000000E+02 1.37500000000E+02 1.50000000000E+02 1.39855569649E+03 3.04949988027E+00 1.42222004811E+03 3.15608114518E+00 1.41031374402E+03 3.94882940462E+00 1.43647422557E+03 4.09099317527E+00 1.38358346748E+03 2.96956888130E+00 1.36230137259E+03 2.51751293014E+00 1.34801000801E+03 2.45651734984E+00 
1.50000000000E+02 1.62500000000E+02 1.75000000000E+02 6.21278583345E+02 1.73568719878E+00 6.32029702705E+02 1.79208803688E+00 6.28396358724E+02 2.23564031215E+00 6.38865083375E+02 2.32138943269E+00 6.13750194449E+02 1.47126129776E+00 6.05471000026E+02 1.42763573379E+00 5.97887458676E+02 1.24314138896E+00 
1.75000000000E+02 1.87500000000E+02 2.00000000000E+02 3.06049496983E+02 8.93223726384E-01 3.10573874070E+02 9.20579716708E-01 3.09212979192E+02 1.11358546824E+00 3.13018235560E+02 1.16994755680E+00 3.02424998933E+02 7.99117439796E-01 2.98339213441E+02 7.50668371234E-01 2.94533500640E+02 6.84765453815E-01 
2.00000000000E+02 2.25000000000E+02 2.50000000000E+02 1.27529419612E+02 2.99758188238E-01 1.29106229064E+02 2.83164762147E-01 1.28823076790E+02 3.67919747082E-01 1.29868223939E+02 3.46011519452E-01 1.26391966474E+02 2.67709621730E-01 1.24494000681E+02 2.54908247056E-01 1.23018584538E+02 2.31828416958E-01 
2.50000000000E+02 2.75000000000E+02 3.00000000000E+02 4.43461878659E+01 1.37584761826E-01 4.49238802668E+01 1.47650276288E-01 4.48709977748E+01 1.70771341823E-01 4.51699058146E+01 1.79825333767E-01 4.39069070594E+01 1.28460131607E-01 4.33205691273E+01 1.21075942900E-01 4.27151523360E+01 1.13354690288E-01 
3.00000000000E+02 3.25000000000E+02 3.50000000000E+02 1.76292633970E+01 6.45195752917E-02 1.78326613790E+01 6.45445474801E-02 1.78394321267E+01 7.65107107495E-02 1.79266773918E+01 7.65589637827E-02 1.75116893250E+01 6.29933399385E-02 1.72684068661E+01 5.74177123728E-02 1.70341756104E+01 5.55070477916E-02 
3.50000000000E+02 3.75000000000E+02 4.00000000000E+02 7.83595732952E+00 3.22345239837E-02 7.93326495136E+00 3.47316443323E-02 7.93855185027E+00 3.67284536104E-02 7.97586687751E+00 4.12821681842E-02 7.75802472373E+00 3.10342136149E-02 7.65074148946E+00 2.85532125055E-02 7.53536908575E+00 2.74932423559E-02 
4.00000000000E+02 4.35000000000E+02 4.70000000000E+02 3.30974069607E+00 1.29964132237E-02 3.33614951991E+00 1.25143315109E-02 3.34641427727E+00 1.48642473024E-02 3.34317624245E+00 1.44287975475E-02 3.27803112519E+00 1.24039572238E-02 3.23345066107E+00 1.15422577755E-02 3.18740128309E+00 1.10048909670E-02 
4.70000000000E+02 5.10000000000E+02 5.50000000000E+02 1.22001031619E+00 4.97060290119E-03 1.23518318186E+00 5.17500507625E-03 1.23136396880E+00 5.53781736932E-03 1.23564887213E+00 5.93432801275E-03 1.20995112334E+00 4.85172453016E-03 1.19399288638E+00 4.45222446321E-03 1.17736509585E+00 4.35728585742E-03 
5.50000000000E+02 6.00000000000E+02 6.50000000000E+02 4.12843895013E-01 1.74984185728E-03 4.17145105738E-01 1.92132505525E-03 4.16923970332E-01 1.93953917974E-03 4.17451505160E-01 2.30079413708E-03 4.08194757227E-01 1.62058786947E-03 4.04281166347E-01 1.55839770028E-03 3.96591509771E-01 1.45863730101E-03 
6.50000000000E+02 7.00000000000E+02 7.50000000000E+02 1.33763646778E-01 6.14279771466E-04 1.35860726479E-01 6.81598720732E-04 1.35593096598E-01 6.54924102513E-04 1.36706074481E-01 8.09826909524E-04 1.31796513053E-01 5.96304054226E-04 1.30743794223E-01 5.61317014974E-04 1.28282327971E-01 5.52275281276E-04 
7.50000000000E+02 8.25000000000E+02 9.00000000000E+02 3.76075310966E-02 1.69264874799E-04 3.80302723417E-02 1.72001750645E-04 3.80176532683E-02 1.87821597270E-04 3.81911004758E-02 2.10280159856E-04 3.71361303552E-02 1.61874235559E-04 3.68225190055E-02 1.51101392321E-04 3.59846388150E-02 1.46300254413E-04 
9.00000000000E+02 1.00000000000E+03 1.10000000000E+03 7.20241939890E-03 3.30888415865E-05 7.33058357906E-03 3.50493597352E-05 7.31313205649E-03 3.64620270840E-05 7.37611685054E-03 4.04601673826E-05 7.07817709148E-03 3.16725940926E-05 7.04350852973E-03 3.04487430924E-05 6.85931034517E-03 2.88685192281E-05 
1.10000000000E+03 1.30000000000E+03 1.50000000000E+03 6.40529136683E-04 3.02936271577E-06 6.53716245941E-04 3.13544398891E-06 6.49526843415E-04 3.15229202274E-06 6.57449486455E-04 3.83956140538E-06 6.26063680752E-04 2.77080432172E-06 6.25869556351E-04 2.74637808904E-06 6.05995604879E-04 2.58911555454E-06 
#nx: 3
