#labels: Et_gam_bin1_ATLAS_lower[1] Et_gam_bin1_ATLAS_center[2] Et_gam_bin1_ATLAS_upper[3] tot_scale01[4] tot_scale01_Err[5] tot_scale02[6] tot_scale02_Err[7] tot_scale03[8] tot_scale03_Err[9] tot_scale04[10] tot_scale04_Err[11] tot_scale05[12] tot_scale05_Err[13] tot_scale06[14] tot_scale06_Err[15] tot_scale07[16] tot_scale07_Err[17]
#neval: 12577746000
#overflow:lower center upper 0.00000000000E+00 0.00000000000E+00 0.00000000000E+00 0.00000000000E+00 0.00000000000E+00 0.00000000000E+00 0.00000000000E+00 0.00000000000E+00 0.00000000000E+00 0.00000000000E+00 0.00000000000E+00 0.00000000000E+00 0.00000000000E+00 0.00000000000E+00 
2.50000000000E+01 3.00000000000E+01 3.50000000000E+01 1.14668735078E+06 1.90371238659E+03 1.14888070543E+06 1.75227743017E+03 1.17185131063E+06 2.84612994968E+03 1.22956192938E+06 2.56619255719E+03 1.12191326608E+06 2.07702365175E+03 1.08537720704E+06 1.38271681986E+03 1.09072599249E+06 1.47103656779E+03 
3.50000000000E+01 4.00000000000E+01 4.50000000000E+01 3.15979870593E+05 5.72409001443E+02 3.19491443936E+05 5.41449680033E+02 3.21511797506E+05 7.91753842080E+02 3.35932318643E+05 7.65832219556E+02 3.10109264443E+05 5.67875402886E+02 3.01701746253E+05 4.20770376734E+02 3.01695777764E+05 4.14048848760E+02 
4.50000000000E+01 5.00000000000E+01 5.50000000000E+01 1.16033101273E+05 2.57762827823E+02 1.17640002866E+05 2.18341779385E+02 1.17546564580E+05 3.56393895957E+02 1.22336314803E+05 3.04362985249E+02 1.13963332692E+05 2.29551720007E+02 1.11323618747E+05 1.92873970520E+02 1.10875017484E+05 1.71226676098E+02 
5.50000000000E+01 6.00000000000E+01 6.50000000000E+01 5.10497423520E+04 1.10676937037E+02 5.18096954282E+04 1.11155931586E+02 5.17612408005E+04 1.62104365906E+02 5.35048560577E+04 1.51870976305E+02 5.01705478249E+04 1.18634030534E+02 4.91238224503E+04 8.54013351858E+01 4.87698005450E+04 8.96258651194E+01 
6.50000000000E+01 7.00000000000E+01 7.50000000000E+01 2.50269850693E+04 6.81480887672E+01 2.55041334048E+04 6.33197602201E+01 2.52982358270E+04 9.47984035061E+01 2.61804737834E+04 8.62465448915E+01 2.47299583376E+04 5.70408884335E+01 2.41954175908E+04 5.24891900149E+01 2.40817931958E+04 4.44273822794E+01 
7.50000000000E+01 8.00000000000E+01 8.50000000000E+01 1.36760603321E+04 3.39774891800E+01 1.39151675937E+04 3.39083364558E+01 1.38727547306E+04 4.63724154560E+01 1.42571452954E+04 4.52285792795E+01 1.34776789504E+04 3.37229541078E+01 1.32154845953E+04 2.68938317468E+01 1.31027549642E+04 2.64394117351E+01 
8.50000000000E+01 9.50000000000E+01 1.05000000000E+02 6.35208182708E+03 1.24079027444E+01 6.46334824998E+03 1.20441901756E+01 6.42660389841E+03 1.67547148049E+01 6.59553794975E+03 1.59040048086E+01 6.27035529852E+03 1.16627392407E+01 6.15809207317E+03 9.72585215221E+00 6.10017890368E+03 9.63806216635E+00 
1.05000000000E+02 1.15000000000E+02 1.25000000000E+02 2.55677432768E+03 5.15678879481E+00 2.59741775037E+03 5.31227550481E+00 2.58249624845E+03 6.88295184113E+00 2.64020339097E+03 6.89031921563E+00 2.52427162623E+03 5.04234652423E+00 2.48398368433E+03 4.22423442505E+00 2.45435947819E+03 4.51249161585E+00 
1.25000000000E+02 1.37500000000E+02 1.50000000000E+02 1.09555233744E+03 2.22132535159E+00 1.11408257454E+03 2.56555902742E+00 1.10679772188E+03 3.08591129897E+00 1.12802135445E+03 3.31411771202E+00 1.08303263039E+03 2.17999688900E+00 1.06704203239E+03 1.85631727095E+00 1.05575716876E+03 1.81844473676E+00 
1.50000000000E+02 1.62500000000E+02 1.75000000000E+02 4.85235403808E+02 1.09767820570E+00 4.93768230097E+02 1.29862057383E+00 4.90118112331E+02 1.37515810561E+00 4.99052423795E+02 1.65716697605E+00 4.80671796981E+02 1.13677370273E+00 4.73167718777E+02 9.20130247957E-01 4.68369672637E+02 9.44753862286E-01 
1.75000000000E+02 1.87500000000E+02 2.00000000000E+02 2.39070665553E+02 6.89676996246E-01 2.42585696879E+02 7.44581927819E-01 2.41563275396E+02 8.67189271426E-01 2.44675621063E+02 9.15208062027E-01 2.36582175750E+02 6.79531393610E-01 2.33192411660E+02 5.72169461948E-01 2.30452655008E+02 5.63745361735E-01 
2.00000000000E+02 2.25000000000E+02 2.50000000000E+02 9.98207704764E+01 1.99611019454E-01 1.01302791920E+02 2.34107029289E-01 1.00991296587E+02 2.75102034366E-01 1.02156097811E+02 2.88946395477E-01 9.89349118983E+01 1.92641246713E-01 9.75138345500E+01 1.73395008176E-01 9.63927949266E+01 1.67763869436E-01 
2.50000000000E+02 2.75000000000E+02 3.00000000000E+02 3.51502571229E+01 9.60627388708E-02 3.56378320946E+01 1.00239080376E-01 3.54814891996E+01 1.10924616626E-01 3.58186863985E+01 1.17213920741E-01 3.48400942819E+01 9.26932489010E-02 3.43978161524E+01 8.52409772591E-02 3.39726324021E+01 8.24893575360E-02 
3.00000000000E+02 3.25000000000E+02 3.50000000000E+02 1.43860501969E+01 4.88091611613E-02 1.46010970560E+01 5.20450594155E-02 1.45594578666E+01 5.76580306140E-02 1.46767354104E+01 6.24748258722E-02 1.42605534408E+01 4.71070683713E-02 1.40866766361E+01 4.31398908447E-02 1.39004739440E+01 4.14872843378E-02 
3.50000000000E+02 3.75000000000E+02 4.00000000000E+02 6.52128601963E+00 2.35538351253E-02 6.59826491056E+00 2.47447769496E-02 6.59039635238E+00 2.76951635334E-02 6.63470652532E+00 2.89908800148E-02 6.46228212127E+00 2.26452234334E-02 6.38968413716E+00 2.10626430227E-02 6.29628096064E+00 1.97573352283E-02 
4.00000000000E+02 4.35000000000E+02 4.70000000000E+02 2.90377163628E+00 1.02639349675E-02 2.93438852512E+00 1.06691796110E-02 2.93625219551E+00 1.19033852948E-02 2.94957128546E+00 1.24530606401E-02 2.87784538852E+00 9.93950569592E-03 2.84231299179E+00 9.07042002102E-03 2.80350770353E+00 8.83844524385E-03 
4.70000000000E+02 5.10000000000E+02 5.50000000000E+02 1.13914649735E+00 4.28719679455E-03 1.15264400248E+00 4.39288022728E-03 1.15251847900E+00 5.01438792532E-03 1.15943172098E+00 5.16521150919E-03 1.12851525035E+00 4.08204790912E-03 1.11593501066E+00 3.78530152013E-03 1.09929208856E+00 3.60548805141E-03 
5.50000000000E+02 6.00000000000E+02 6.50000000000E+02 4.20394463417E-01 1.39179066646E-03 4.26090697475E-01 1.60586137084E-03 4.25581143883E-01 1.55837450916E-03 4.28329391097E-01 1.91612851099E-03 4.16480168519E-01 1.35937947170E-03 4.12408567598E-01 1.28340872766E-03 4.05744148178E-01 1.23713930390E-03 
6.50000000000E+02 7.00000000000E+02 7.50000000000E+02 1.52582837891E-01 6.13444866071E-04 1.54257772268E-01 6.42299388727E-04 1.54495230546E-01 6.87257225217E-04 1.54931828599E-01 7.38341057679E-04 1.50977220785E-01 6.00928160188E-04 1.49421015384E-01 5.59667390635E-04 1.47063987505E-01 5.48223588973E-04 
7.50000000000E+02 8.25000000000E+02 9.00000000000E+02 4.94355263021E-02 1.86598151529E-04 5.02291443567E-02 1.81408879637E-04 5.00500690303E-02 2.10844631078E-04 5.03149568823E-02 1.94857567526E-04 4.89097053926E-02 1.81757556581E-04 4.84633600836E-02 1.70735037185E-04 4.75912229367E-02 1.65094748467E-04 
9.00000000000E+02 1.00000000000E+03 1.10000000000E+03 1.15810293666E-02 4.45997997153E-05 1.17441640986E-02 4.65483732863E-05 1.17107640132E-02 4.76632727123E-05 1.17908440987E-02 5.15362664981E-05 1.13962983097E-02 4.30483530894E-05 1.13437060672E-02 4.12719747477E-05 1.10855949036E-02 4.06430037987E-05 
1.10000000000E+03 1.30000000000E+03 1.50000000000E+03 1.40561938671E-03 4.86630193002E-06 1.43322321582E-03 5.07348336157E-06 1.42674158843E-03 5.28080717038E-06 1.44004150989E-03 5.54594459874E-06 1.37480354776E-03 4.58216861449E-06 1.37731218747E-03 4.56613309514E-06 1.33678189825E-03 4.26986230321E-06 
#nx: 3
