#labels: Et_gam_ATLAS_lower[1] Et_gam_ATLAS_center[2] Et_gam_ATLAS_upper[3] tot_scale01[4] tot_scale01_Err[5] tot_scale02[6] tot_scale02_Err[7] tot_scale03[8] tot_scale03_Err[9] tot_scale04[10] tot_scale04_Err[11] tot_scale05[12] tot_scale05_Err[13] tot_scale06[14] tot_scale06_Err[15] tot_scale07[16] tot_scale07_Err[17]
#neval: 500000000
#overflow:lower center upper 4.77873064484E-03 1.14037206371E-05 5.79592101215E-03 1.37673928107E-05 5.12967949109E-03 1.22444627365E-05 6.22155815357E-03 1.47823693527E-05 3.99613465627E-03 9.57214205446E-06 4.47335766953E-03 1.06725288474E-05 3.74076517538E-03 8.95837531828E-06 
1.25000000000E+02 1.37500000000E+02 1.50000000000E+02 3.51344306541E+03 3.34787371774E-01 3.41265606735E+03 3.26576058045E-01 3.89858249297E+03 3.71549194804E-01 3.78673128628E+03 3.62431794876E-01 3.57301688870E+03 3.39403430242E-01 3.19886364813E+03 3.04770219010E-01 3.25309427578E+03 3.08969882569E-01 
1.50000000000E+02 1.62500000000E+02 1.75000000000E+02 1.65661116717E+03 2.03682331335E-01 1.63473775611E+03 2.02257270879E-01 1.83320736291E+03 2.25404288623E-01 1.80899732099E+03 2.23825919710E-01 1.66285333049E+03 2.03455347374E-01 1.51162288242E+03 1.85849748990E-01 1.51731596233E+03 1.85641893464E-01 
1.75000000000E+02 1.87500000000E+02 2.00000000000E+02 8.61748965717E+02 1.39751328404E-01 8.61274814023E+02 1.40551892017E-01 9.51508812155E+02 1.54310790200E-01 9.50983506744E+02 1.55194146999E-01 8.55863326681E+02 1.38108393240E-01 7.87747659556E+02 1.27748426662E-01 7.82366439981E+02 1.26246253679E-01 
2.00000000000E+02 2.25000000000E+02 2.50000000000E+02 3.83779676256E+02 6.24904347255E-02 3.88999277966E+02 6.37500888928E-02 4.22725383975E+02 6.88340758569E-02 4.28472696755E+02 7.02209100925E-02 3.76694382194E+02 6.10115269467E-02 3.51522293824E+02 5.72365656296E-02 3.45031433437E+02 5.58816087956E-02 
2.50000000000E+02 2.75000000000E+02 3.00000000000E+02 1.45022753817E+02 3.74288681359E-02 1.49436346934E+02 3.88335353559E-02 1.59287073202E+02 4.11110453463E-02 1.64134328512E+02 4.26536483016E-02 1.40363886749E+02 3.60103197368E-02 1.33144544921E+02 3.43627558001E-02 1.28867015034E+02 3.30602723137E-02 
3.00000000000E+02 3.25000000000E+02 3.50000000000E+02 6.29567143389E+01 2.37538718524E-02 6.57194578741E+01 2.49898333993E-02 6.89961866774E+01 2.60330098325E-02 7.20238311488E+01 2.73874515559E-02 6.02553812072E+01 2.25767052543E-02 5.79062854245E+01 2.18480331532E-02 5.54215818260E+01 2.07652535561E-02 
3.50000000000E+02 3.75000000000E+02 4.00000000000E+02 3.00960193987E+01 1.56659453789E-02 3.17524452012E+01 1.66704220674E-02 3.29236349580E+01 1.71380592789E-02 3.47356427722E+01 1.82368743854E-02 2.85389085422E+01 1.47402449897E-02 2.77232287396E+01 1.44306608332E-02 2.62888573405E+01 1.35779256668E-02 
4.00000000000E+02 4.35000000000E+02 4.70000000000E+02 1.38711108627E+01 8.56952847771E-03 1.47832051441E+01 9.22103838819E-03 1.51484027877E+01 9.35874021072E-03 1.61444579890E+01 1.00702136957E-02 1.30375817733E+01 7.98443254470E-03 1.27958083683E+01 7.90513702781E-03 1.20268802367E+01 7.36538300907E-03 
4.70000000000E+02 5.10000000000E+02 5.50000000000E+02 5.77748775938E+00 5.00933795302E-03 6.22397614023E+00 5.45142567254E-03 6.29800600478E+00 5.46064886529E-03 6.78471039518E+00 5.94255048239E-03 5.37934721070E+00 4.62107881597E-03 5.33774011946E+00 4.62805920521E-03 4.96989826705E+00 4.26934373503E-03 
5.50000000000E+02 6.00000000000E+02 6.50000000000E+02 2.28079333943E+00 2.49106860370E-03 2.48261387350E+00 2.74232300220E-03 2.48193306967E+00 2.71086928120E-03 2.70154775078E+00 2.98428208065E-03 2.10441309853E+00 2.27495892425E-03 2.11030396772E+00 2.30477745237E-03 1.94710596142E+00 2.10482338080E-03 
6.50000000000E+02 7.00000000000E+02 7.50000000000E+02 8.94086012664E-01 1.52496805824E-03 9.82759574574E-01 1.69288868275E-03 9.71319649325E-01 1.65663141176E-03 1.06765196981E+00 1.83904941710E-03 8.17860986717E-01 1.38238652572E-03 8.28410184102E-01 1.41299919135E-03 7.57783741053E-01 1.28088622637E-03 
7.50000000000E+02 8.25000000000E+02 9.00000000000E+02 3.25647935123E-01 6.70985354028E-04 3.61375045904E-01 7.48121296772E-04 3.53221719293E-01 7.27902768781E-04 3.91973358804E-01 8.11579905934E-04 2.95355600182E-01 6.05933919626E-04 3.02130666834E-01 6.22454530293E-04 2.74025620315E-01 5.62107076748E-04 
9.00000000000E+02 1.00000000000E+03 1.10000000000E+03 9.13231810972E-02 1.76673140486E-04 1.02496439001E-01 1.98872525878E-04 9.88765423400E-02 1.91317522492E-04 1.10973740080E-01 2.15356432779E-04 8.19800738429E-02 1.58179974884E-04 8.48584818079E-02 1.64143385421E-04 7.61766575270E-02 1.46961462401E-04 
1.10000000000E+03 1.30000000000E+03 1.50000000000E+03 1.55966586408E-02 2.62291897156E-05 1.77605726899E-02 2.98776666222E-05 1.68518249348E-02 2.83486905782E-05 1.91898077621E-02 3.22918445503E-05 1.38160426794E-02 2.32301895863E-05 1.45181499404E-02 2.44090706236E-05 1.28606237475E-02 2.16181039070E-05 
1.50000000000E+03 1.75000000000E+03 2.00000000000E+03 1.29997385713E-03 2.39481831049E-06 1.51276005129E-03 2.78217054140E-06 1.40097475696E-03 2.58156881755E-06 1.63028752845E-03 2.99911613134E-06 1.12883875890E-03 2.08277229806E-06 1.21275754862E-03 2.23363908274E-06 1.05310112889E-03 1.94258917211E-06 
2.00000000000E+03 2.25000000000E+03 2.50000000000E+03 9.69431751413E-05 2.11832638102E-07 1.15399258585E-04 2.51380996366E-07 1.04247186094E-04 2.27835749325E-07 1.24093526295E-04 2.70371119895E-07 8.24491417971E-05 1.80643361930E-07 9.06095408719E-05 1.97960671356E-07 7.70623148069E-05 1.68813491791E-07 
#nx: 3
