#labels: Et_gam_ATLAS_lower[1] Et_gam_ATLAS_center[2] Et_gam_ATLAS_upper[3] tot_scale01[4] tot_scale01_Err[5] tot_scale02[6] tot_scale02_Err[7] tot_scale03[8] tot_scale03_Err[9] tot_scale04[10] tot_scale04_Err[11] tot_scale05[12] tot_scale05_Err[13] tot_scale06[14] tot_scale06_Err[15] tot_scale07[16] tot_scale07_Err[17]
#neval: 8130000000
#overflow:lower center upper 8.17485901116E-03 2.87328240769E-05 8.50762158400E-03 2.89829265747E-05 8.38242592413E-03 3.00355966341E-05 8.71981891134E-03 3.26935516004E-05 7.86673147498E-03 2.76200013078E-05 7.95312315481E-03 2.66674766957E-05 7.59506020654E-03 2.49358678659E-05 
1.25000000000E+02 1.37500000000E+02 1.50000000000E+02 5.32511992237E+03 1.25869071692E+01 5.41112083760E+03 1.30815948615E+01 5.07579492449E+03 1.66337496256E+01 5.19766349716E+03 1.77024947714E+01 5.27036617972E+03 1.27543915758E+01 5.38088428400E+03 1.06194229519E+01 5.34378493784E+03 1.03805660106E+01 
1.50000000000E+02 1.62500000000E+02 1.75000000000E+02 2.90052136639E+03 6.70641129652E+00 2.94307022596E+03 6.81821891960E+00 2.84682674555E+03 8.78256760217E+00 2.90490457662E+03 8.73482660526E+00 2.87519122378E+03 6.36518538317E+00 2.87501546735E+03 5.86783365308E+00 2.85496424258E+03 5.68740261199E+00 
1.75000000000E+02 1.87500000000E+02 2.00000000000E+02 1.60588892087E+03 3.83287260862E+00 1.62988419938E+03 4.11580165333E+00 1.59896644755E+03 4.81614395964E+00 1.62824387755E+03 5.05152966613E+00 1.59059413748E+03 3.82610886536E+00 1.57781036675E+03 3.36265611797E+00 1.56398850114E+03 3.33784405313E+00 
2.00000000000E+02 2.25000000000E+02 2.50000000000E+02 7.24766685491E+02 1.16888910034E+00 7.34672643305E+02 1.24908089190E+00 7.28018803896E+02 1.51086133956E+00 7.38601819491E+02 1.59026918459E+00 7.18355092845E+02 1.22042472909E+00 7.08758648677E+02 1.07422778162E+00 7.02121458393E+02 1.06826106454E+00 
2.50000000000E+02 2.75000000000E+02 3.00000000000E+02 2.71714089316E+02 5.74820333687E-01 2.75449074132E+02 6.01112470896E-01 2.73955089459E+02 6.64795799821E-01 2.77423647489E+02 6.83468763415E-01 2.69296948816E+02 5.65944821625E-01 2.65406242532E+02 5.18145089211E-01 2.62609478641E+02 5.11645072289E-01 
3.00000000000E+02 3.25000000000E+02 3.50000000000E+02 1.14689064063E+02 2.60898119442E-01 1.16169912797E+02 2.71331829889E-01 1.15810556682E+02 3.20239904538E-01 1.17014095239E+02 3.34130636771E-01 1.13661467660E+02 2.69851289507E-01 1.12161625944E+02 2.55977687842E-01 1.10979105719E+02 2.51583052352E-01 
3.50000000000E+02 3.75000000000E+02 4.00000000000E+02 5.42654399994E+01 1.53294615308E-01 5.49512946774E+01 1.54497295761E-01 5.49571189453E+01 1.73902327185E-01 5.54233920035E+01 1.83906568221E-01 5.37942064758E+01 1.52718453922E-01 5.31076560756E+01 1.41957409101E-01 5.24341316614E+01 1.38894949670E-01 
4.00000000000E+02 4.35000000000E+02 4.70000000000E+02 2.44131918714E+01 5.82950451802E-02 2.47647518083E+01 6.18610364704E-02 2.47344210553E+01 6.39637293030E-02 2.48619761671E+01 7.57825683516E-02 2.42316423980E+01 5.95587386964E-02 2.39353383659E+01 5.52776412875E-02 2.36404407508E+01 5.56145336318E-02 
4.70000000000E+02 5.10000000000E+02 5.50000000000E+02 1.00842070912E+01 2.52962679630E-02 1.02121900995E+01 2.68679123308E-02 1.01974961843E+01 2.72398688927E-02 1.02821202245E+01 3.21326054858E-02 1.00073174448E+01 2.68355078722E-02 9.89820303149E+00 2.48347637463E-02 9.76733372116E+00 2.53557053879E-02 
5.50000000000E+02 6.00000000000E+02 6.50000000000E+02 3.89626347433E+00 1.06124745159E-02 3.94054861409E+00 1.04641515979E-02 3.94238026615E+00 1.10749289277E-02 3.93744037973E+00 1.28909478552E-02 3.86081446951E+00 1.04277708740E-02 3.81846652299E+00 1.00196014777E-02 3.77278672720E+00 1.01593440370E-02 
6.50000000000E+02 7.00000000000E+02 7.50000000000E+02 1.52082425936E+00 5.40938513794E-03 1.53829904114E+00 5.39577946932E-03 1.53719735909E+00 5.10078299346E-03 1.54535087105E+00 6.04346882295E-03 1.50841806089E+00 5.50674221390E-03 1.49399562568E+00 5.17706000489E-03 1.47254765495E+00 5.23432666988E-03 
7.50000000000E+02 8.25000000000E+02 9.00000000000E+02 5.46067123128E-01 1.93855145307E-03 5.53122403930E-01 1.98152050371E-03 5.52482723412E-01 1.95498509333E-03 5.54604432158E-01 2.14251833771E-03 5.40833753552E-01 2.02372218954E-03 5.36414961536E-01 1.90003556706E-03 5.28851690639E-01 1.92083650812E-03 
9.00000000000E+02 1.00000000000E+03 1.10000000000E+03 1.53951825734E-01 5.85746440545E-04 1.55341974555E-01 5.51428513422E-04 1.55234979072E-01 5.89999272252E-04 1.55787557658E-01 5.87518019050E-04 1.52880116073E-01 6.28474952175E-04 1.51217545869E-01 5.83729363481E-04 1.49040472418E-01 6.13005833377E-04 
1.10000000000E+03 1.30000000000E+03 1.50000000000E+03 2.58958539313E-02 9.38034003276E-05 2.62608450859E-02 9.02247444201E-05 2.62810197904E-02 9.67527595150E-05 2.64374501788E-02 1.04784802970E-04 2.55508813185E-02 1.00343802037E-04 2.54289615967E-02 9.69127560864E-05 2.48851989707E-02 9.82775254714E-05 
1.50000000000E+03 1.75000000000E+03 2.00000000000E+03 2.18485463078E-03 8.33175948415E-06 2.23769888813E-03 7.92973132261E-06 2.24000591455E-03 8.23985094871E-06 2.27466908415E-03 8.86483172612E-06 2.13984033953E-03 8.59710215867E-06 2.13504262685E-03 8.44157962149E-06 2.08352539139E-03 8.96305313215E-06 
2.00000000000E+03 2.25000000000E+03 2.50000000000E+03 1.63782762733E-04 6.23954264300E-07 1.68836168166E-04 6.00868911895E-07 1.67702397533E-04 5.30351219891E-07 1.73312778546E-04 6.68739853416E-07 1.58796184808E-04 6.66890427259E-07 1.59537564616E-04 6.44423308702E-07 1.54160902859E-04 6.58294426998E-07 
#nx: 3
