#labels: abs_costhetastar_gam_j1_ATLAS_lower[1] abs_costhetastar_gam_j1_ATLAS_center[2] abs_costhetastar_gam_j1_ATLAS_upper[3] tot_scale01[4] tot_scale01_Err[5] tot_scale02[6] tot_scale02_Err[7] tot_scale03[8] tot_scale03_Err[9] tot_scale04[10] tot_scale04_Err[11] tot_scale05[12] tot_scale05_Err[13] tot_scale06[14] tot_scale06_Err[15] tot_scale07[16] tot_scale07_Err[17]
#neval: 500000000
#overflow:lower center upper 5.03749560260E+03 3.46413309892E+00 5.20643175538E+03 3.59501471946E+00 5.57507332008E+03 3.83596508636E+00 5.76165855482E+03 3.98047865639E+00 4.86185436182E+03 3.33321850167E+00 4.59631026208E+03 3.15930679413E+00 4.43585293560E+03 3.03969818622E+00 
0.00000000000E+00 5.00000000000E-02 1.00000000000E-01 2.21594970812E+04 6.56560706146E+00 2.27444262774E+04 6.71447460526E+00 2.43197392450E+04 7.21030710462E+00 2.49603964599E+04 7.37322851349E+00 2.15274207308E+04 6.39898703692E+00 2.03581482178E+04 6.02867820929E+00 1.97767316314E+04 5.87537513171E+00 
1.00000000000E-01 1.50000000000E-01 2.00000000000E-01 2.26063347603E+04 7.15924641129E+00 2.32003189181E+04 7.32071357547E+00 2.48133965232E+04 7.86326856658E+00 2.54640437619E+04 8.03999511644E+00 2.19636206048E+04 6.97822232510E+00 2.07664005410E+04 6.57305659233E+00 2.01752570330E+04 6.40651553086E+00 
2.00000000000E-01 2.50000000000E-01 3.00000000000E-01 2.28595251000E+04 7.64470931325E+00 2.34561014424E+04 7.81563515259E+00 2.50980907751E+04 8.39878719223E+00 2.57517308151E+04 8.58590581143E+00 2.22127636907E+04 7.45255592302E+00 2.09942814455E+04 7.01716836229E+00 2.03995378851E+04 6.84042352178E+00 
3.00000000000E-01 3.50000000000E-01 4.00000000000E-01 2.32902065568E+04 8.25551980682E+00 2.38920931209E+04 8.43783837709E+00 2.55820761047E+04 9.07387312859E+00 2.62417854962E+04 9.27353105399E+00 2.26357133641E+04 8.04969520031E+00 2.13821280275E+04 7.57506342891E+00 2.07804750553E+04 7.38580393080E+00 
4.00000000000E-01 4.50000000000E-01 5.00000000000E-01 2.54015118360E+04 9.34645353803E+00 2.60442938737E+04 9.54735938820E+00 2.79192041063E+04 1.02796709848E+01 2.86241237759E+04 1.04997788695E+01 2.46977031066E+04 9.11748102502E+00 2.33080230646E+04 8.57146257933E+00 2.26613505268E+04 8.36101051781E+00 
5.00000000000E-01 5.50000000000E-01 6.00000000000E-01 2.91806349431E+04 1.12096979601E+01 2.98964972249E+04 1.14409939039E+01 3.21023479799E+04 1.23404496684E+01 3.28880110055E+04 1.25939980045E+01 2.83883317745E+04 1.09420857376E+01 2.67554753441E+04 1.02723471415E+01 2.60279889685E+04 1.00265305381E+01 
6.00000000000E-01 6.50000000000E-01 7.00000000000E-01 3.55884282486E+04 1.44439679820E+01 3.64217555998E+04 1.47238692021E+01 3.92040551662E+04 1.59226790762E+01 4.01196281669E+04 1.62297459703E+01 3.46503047370E+04 1.41121473227E+01 3.25948933626E+04 1.32213432757E+01 3.17343616376E+04 1.29168122151E+01 
7.00000000000E-01 7.65000000000E-01 8.30000000000E-01 5.15498253651E+04 2.01558798854E+01 5.26531669057E+04 2.04987203405E+01 5.69341642008E+04 2.22812608047E+01 5.81488192633E+04 2.26578369160E+01 5.02625085404E+04 1.97263675288E+01 4.71138560073E+04 1.84079038041E+01 4.59352014104E+04 1.80143659900E+01 
#nx: 3
