#labels: abs_costhetastar_gam_j1_ATLAS_lower[1] abs_costhetastar_gam_j1_ATLAS_center[2] abs_costhetastar_gam_j1_ATLAS_upper[3] tot_scale01[4] tot_scale01_Err[5] tot_scale02[6] tot_scale02_Err[7] tot_scale03[8] tot_scale03_Err[9] tot_scale04[10] tot_scale04_Err[11] tot_scale05[12] tot_scale05_Err[13] tot_scale06[14] tot_scale06_Err[15] tot_scale07[16] tot_scale07_Err[17]
#neval: 1500000000
#overflow:lower center upper 2.44231559450E+04 1.11682814128E+01 2.54012065721E+04 1.16697559493E+01 2.87496637790E+04 1.35577003734E+01 2.99068486772E+04 1.41699826572E+01 2.35292537908E+04 1.06977425474E+01 2.11219315714E+04 9.39887939754E+00 2.03494133857E+04 9.00589855218E+00 
0.00000000000E+00 5.00000000000E-02 1.00000000000E-01 3.36704281230E+04 1.26765979786E+01 3.41792767873E+04 1.29583896233E+01 3.59660307432E+04 1.48937659912E+01 3.64614711120E+04 1.52303750674E+01 3.33098418988E+04 1.23843998163E+01 3.16346617430E+04 1.10065076514E+01 3.12399857339E+04 1.07576937386E+01 
1.00000000000E-01 1.50000000000E-01 2.00000000000E-01 3.47856462520E+04 1.48690262793E+01 3.53203608020E+04 1.52088029201E+01 3.72197622247E+04 1.75347485095E+01 3.77445310378E+04 1.79414224453E+01 3.44026883827E+04 1.45159166702E+01 3.26387328992E+04 1.28596918316E+01 3.22236097595E+04 1.25597710886E+01 
2.00000000000E-01 2.50000000000E-01 3.00000000000E-01 3.60915457948E+04 1.56708354149E+01 3.66668581437E+04 1.60266423929E+01 3.87548520464E+04 1.84764385569E+01 3.93281846578E+04 1.89023766510E+01 3.56699299688E+04 1.53009372596E+01 3.37676510922E+04 1.35582149483E+01 3.33193887929E+04 1.32441168922E+01 
3.00000000000E-01 3.50000000000E-01 4.00000000000E-01 3.83093916171E+04 1.68242209593E+01 3.89503924318E+04 1.72077947062E+01 4.13600383161E+04 1.98464499590E+01 4.20117194269E+04 2.03061855217E+01 3.78251930764E+04 1.64255981505E+01 3.56865484603E+04 1.45520113340E+01 3.51844488294E+04 1.42139182161E+01 
4.00000000000E-01 4.50000000000E-01 5.00000000000E-01 4.46741544691E+04 1.91465036367E+01 4.54730385631E+04 1.95941087503E+01 4.86409475452E+04 2.26212987094E+01 4.94753824169E+04 2.31592584785E+01 4.40454454460E+04 1.86828860203E+01 4.13308383747E+04 1.65397882449E+01 4.07000519601E+04 1.61475593041E+01 
5.00000000000E-01 5.50000000000E-01 6.00000000000E-01 5.65578914403E+04 2.37615523864E+01 5.76432703858E+04 2.43080584268E+01 6.22822339182E+04 2.81781053065E+01 6.34489933249E+04 2.88364233751E+01 5.56632048395E+04 2.31897989629E+01 5.18387051223E+04 2.04581773412E+01 5.09716739111E+04 1.99756123720E+01 
6.00000000000E-01 6.50000000000E-01 7.00000000000E-01 7.94379435089E+04 3.28628241696E+01 8.10645016207E+04 3.35939212253E+01 8.87762921399E+04 3.92018606555E+01 9.05757933889E+04 4.00847876887E+01 7.80262917236E+04 3.20837360452E+01 7.19157401551E+04 2.81382052528E+01 7.05937771504E+04 2.74824765637E+01 
7.00000000000E-01 7.65000000000E-01 8.30000000000E-01 1.44133274904E+05 5.25676783638E+01 1.47237276090E+05 5.36230806137E+01 1.64359206945E+05 6.33091143350E+01 1.67899471868E+05 6.45861411538E+01 1.41267987621E+05 5.13892757781E+01 1.28243068177E+05 4.46044855916E+01 1.25652535154E+05 4.36155001691E+01 
#nx: 3
