#labels: abs_costhetastar_gam_j1_ATLAS_lower[1] abs_costhetastar_gam_j1_ATLAS_center[2] abs_costhetastar_gam_j1_ATLAS_upper[3] tot_scale01[4] tot_scale01_Err[5] tot_scale02[6] tot_scale02_Err[7] tot_scale03[8] tot_scale03_Err[9] tot_scale04[10] tot_scale04_Err[11] tot_scale05[12] tot_scale05_Err[13] tot_scale06[14] tot_scale06_Err[15] tot_scale07[16] tot_scale07_Err[17]
#neval: 8130000000
#overflow:lower center upper 2.18548637260E+04 1.18913464998E+02 2.25810459609E+04 1.31985196939E+02 2.04434127351E+04 1.62989937247E+02 2.10862332507E+04 1.81933746139E+02 2.13437915718E+04 1.15304037235E+02 2.19102166867E+04 1.04884551647E+02 2.13360948583E+04 1.01827630845E+02 
0.00000000000E+00 5.00000000000E-02 1.00000000000E-01 3.17900282735E+04 1.02423842842E+02 3.21046758259E+04 1.04619773829E+02 3.07419074018E+04 1.22844458836E+02 3.09553191744E+04 1.27620702392E+02 3.15457392328E+04 1.07701345213E+02 3.19371696579E+04 8.93326851854E+01 3.17775634485E+04 8.84042614247E+01 
1.00000000000E-01 1.50000000000E-01 2.00000000000E-01 3.27055537057E+04 1.24463707099E+02 3.29836654329E+04 1.28565372049E+02 3.17702147916E+04 1.53425834340E+02 3.19978541447E+04 1.59320918254E+02 3.25633701480E+04 1.27203308415E+02 3.28770868969E+04 1.16296332264E+02 3.26640958024E+04 1.17000924702E+02 
2.00000000000E-01 2.50000000000E-01 3.00000000000E-01 3.36963363425E+04 1.33704419649E+02 3.40046177929E+04 1.36364252283E+02 3.25783603878E+04 1.63480816812E+02 3.28688366444E+04 1.70456258377E+02 3.35014165672E+04 1.35339366408E+02 3.38426547767E+04 1.25391573369E+02 3.36515350699E+04 1.26039489412E+02 
3.00000000000E-01 3.50000000000E-01 4.00000000000E-01 3.59776601592E+04 1.46388535965E+02 3.64467474766E+04 1.49349521117E+02 3.48014605435E+04 1.78559962361E+02 3.52049809500E+04 1.81920261952E+02 3.57179314468E+04 1.50362024086E+02 3.60486828379E+04 1.42814748806E+02 3.57255676756E+04 1.44750269943E+02 
4.00000000000E-01 4.50000000000E-01 5.00000000000E-01 4.16108893928E+04 1.73287138894E+02 4.22825507477E+04 1.84592104944E+02 4.02460936439E+04 2.02110229400E+02 4.10579795298E+04 2.02020941343E+02 4.11290713277E+04 1.72302556981E+02 4.17646553793E+04 1.67027550769E+02 4.12725026345E+04 1.63970709920E+02 
5.00000000000E-01 5.50000000000E-01 6.00000000000E-01 5.22994548712E+04 2.00717962416E+02 5.35073554777E+04 2.15111533162E+02 5.06020705733E+04 2.45758136063E+02 5.14270413305E+04 2.53626342212E+02 5.16562313199E+04 1.97782269978E+02 5.25901011038E+04 1.98192400834E+02 5.20106159710E+04 1.93433410033E+02 
6.00000000000E-01 6.50000000000E-01 7.00000000000E-01 7.28012132333E+04 2.85026381659E+02 7.45729096641E+04 3.00779236701E+02 6.95493992535E+04 3.62245680452E+02 7.14122705129E+04 3.71626566593E+02 7.16608990829E+04 2.73000100704E+02 7.31594353983E+04 2.70170362911E+02 7.19074749960E+04 2.64123396452E+02 
7.00000000000E-01 7.65000000000E-01 8.30000000000E-01 1.28257743937E+05 4.90354065349E+02 1.32032605705E+05 5.29042642399E+02 1.20346788465E+05 6.73331792398E+02 1.24680270295E+05 6.85870069449E+02 1.25499868781E+05 4.91931032473E+02 1.29226847995E+05 4.55941814388E+02 1.26478422522E+05 4.43368630405E+02 
#nx: 3
