3 10
9 10
10 14
8 10
7 8
7 9
5 7
4 7
7 10
6 7
6 9
6 15
10 15
5 10
3 5
3 7
0 3
3 11
11 14
10 11
5 11
8 11
9 11
6 11
11 13
13 15
12 15
9 15
5 15
1 15
11 15
2 15
8 15
4 15
4 13
1 4
1 8
6 8
6 10
3 6
1 3
1 9
1 11
1 14
1 7
1 12
1 10
2 10
2 4
2 8
2 13
2 5
2 14
2 11
2 6
2 3
1 2
2 12
7 12
6 12
11 12
4 12
4 6
4 5
1 5
5 6
5 8
4 8
8 14
8 9
3 8
3 14
12 14
8 12
8 13
0 13
13 14
5 13
0 5
5 9
4 9
4 14
7 14
6 14
1 6
0 1
1 13
6 13
12 13
10 13
3 13
9 13
7 13
7 11
4 11
4 10
10 12
5 12
3 12
0 12
9 12
2 9
2 7
0 7
0 11
0 10
0 2
0 15
0 9
0 8
0 6
0 4
3 4
3 9
9 14
0 14
5 14
14 15
7 15
3 15
