 0.18031000000E+03 0.92811184342E+03 0.68699428861E-07 0.14316725673E+04 0.18504422737E+04 0.28262467370E+07
 0.18046000000E+03 0.92809772771E+03 0.70607736279E-07 0.14327030300E+04 0.18504470336E+04 0.28263094726E+07
 0.18061000000E+03 0.92808359538E+03 0.72565744639E-07 0.14337336577E+04 0.18504518079E+04 0.28263720543E+07
 0.18076000000E+03 0.92806944644E+03 0.74574659591E-07 0.14347644503E+04 0.18504565966E+04 0.28264344820E+07
 0.18091000000E+03 0.92805528090E+03 0.76635713801E-07 0.14357954082E+04 0.18504613998E+04 0.28264967558E+07
 0.18106000000E+03 0.92804109877E+03 0.78750167500E-07 0.14368265313E+04 0.18504662175E+04 0.28265588755E+07
 0.18121000000E+03 0.92802690007E+03 0.80919309050E-07 0.14378578200E+04 0.18504710498E+04 0.28266208413E+07
 0.18136000000E+03 0.92801268480E+03 0.83144455516E-07 0.14388892744E+04 0.18504758967E+04 0.28266826530E+07
 0.18151000000E+03 0.92799845300E+03 0.85426953248E-07 0.14399208946E+04 0.18504807584E+04 0.28267443107E+07
 0.18166000000E+03 0.92798420466E+03 0.87768178482E-07 0.14409526808E+04 0.18504856348E+04 0.28268058142E+07
 0.18181000000E+03 0.92796993980E+03 0.90169537937E-07 0.14419846331E+04 0.18504905261E+04 0.28268671637E+07
 0.18196000000E+03 0.92795565844E+03 0.92632469441E-07 0.14430167517E+04 0.18504954322E+04 0.28269283590E+07
 0.18211000000E+03 0.92794136059E+03 0.95158442550E-07 0.14440490366E+04 0.18505003534E+04 0.28269894001E+07
 0.18226000000E+03 0.92792704627E+03 0.97748959193E-07 0.14450814881E+04 0.18505052895E+04 0.28270502871E+07
 0.18241000000E+03 0.92791271548E+03 0.10040555432E-06 0.14461141062E+04 0.18505102407E+04 0.28271110199E+07
 0.18256000000E+03 0.92789836824E+03 0.10312979657E-06 0.14471468912E+04 0.18505152071E+04 0.28271715984E+07
 0.18271000000E+03 0.92788400456E+03 0.10592328893E-06 0.14481798430E+04 0.18505201887E+04 0.28272320227E+07
 0.18286000000E+03 0.92786962446E+03 0.10878766944E-06 0.14492129619E+04 0.18505251855E+04 0.28272922927E+07
 0.18301000000E+03 0.92785522796E+03 0.11172461189E-06 0.14502462479E+04 0.18505301977E+04 0.28273524085E+07
 0.18316000000E+03 0.92784081506E+03 0.11473582652E-06 0.14512797011E+04 0.18505352253E+04 0.28274123698E+07
 0.18331000000E+03 0.92782638578E+03 0.11782306075E-06 0.14523133217E+04 0.18505402684E+04 0.28274721769E+07
 0.18346000000E+03 0.92781194013E+03 0.12098809991E-06 0.14533471098E+04 0.18505453270E+04 0.28275318295E+07
 0.18361000000E+03 0.92779747813E+03 0.12423276802E-06 0.14543810654E+04 0.18505504011E+04 0.28275913278E+07
 0.18376000000E+03 0.92778299979E+03 0.12755892850E-06 0.14554151887E+04 0.18505554910E+04 0.28276506717E+07
 0.18391000000E+03 0.92776850512E+03 0.13096848501E-06 0.14564494798E+04 0.18505605965E+04 0.28277098611E+07
 0.18406000000E+03 0.92775399414E+03 0.13446338218E-06 0.14574839386E+04 0.18505657178E+04 0.28277688960E+07
 0.18421000000E+03 0.92773946687E+03 0.13804560646E-06 0.14585185654E+04 0.18505708550E+04 0.28278277764E+07
 0.18436000000E+03 0.92772492330E+03 0.14171718693E-06 0.14595533603E+04 0.18505760081E+04 0.28278865023E+07
 0.18451000000E+03 0.92771036347E+03 0.14548019611E-06 0.14605883232E+04 0.18505811772E+04 0.28279450737E+07
 0.18466000000E+03 0.92769578738E+03 0.14933675083E-06 0.14616234542E+04 0.18505863623E+04 0.28280034905E+07
 0.18481000000E+03 0.92768119505E+03 0.15328901308E-06 0.14626587535E+04 0.18505915635E+04 0.28280617528E+07
 0.18496000000E+03 0.92766658649E+03 0.15733919092E-06 0.14636942211E+04 0.18505967809E+04 0.28281198604E+07
 0.18511000000E+03 0.92765196171E+03 0.16148953930E-06 0.14647298571E+04 0.18506020146E+04 0.28281778133E+07
 0.18526000000E+03 0.92763732073E+03 0.16574236108E-06 0.14657656615E+04 0.18506072645E+04 0.28282356117E+07
 0.18541000000E+03 0.92762266356E+03 0.17010000783E-06 0.14668016344E+04 0.18506125308E+04 0.28282932553E+07
 0.18556000000E+03 0.92760799021E+03 0.17456488087E-06 0.14678377758E+04 0.18506178136E+04 0.28283507442E+07
 0.18571000000E+03 0.92759330071E+03 0.17913943217E-06 0.14688740858E+04 0.18506231129E+04 0.28284080784E+07
 0.18586000000E+03 0.92757859506E+03 0.18382616534E-06 0.14699105645E+04 0.18506284287E+04 0.28284652578E+07
 0.18601000000E+03 0.92756387328E+03 0.18862763665E-06 0.14709472119E+04 0.18506337612E+04 0.28285222824E+07
 0.18616000000E+03 0.92754913537E+03 0.19354645596E-06 0.14719840280E+04 0.18506391103E+04 0.28285791522E+07
 0.18631000000E+03 0.92753438136E+03 0.19858528783E-06 0.14730210129E+04 0.18506444763E+04 0.28286358672E+07
 0.18646000000E+03 0.92751961126E+03 0.20374685251E-06 0.14740581666E+04 0.18506498590E+04 0.28286924274E+07
 0.18661000000E+03 0.92750482509E+03 0.20903392701E-06 0.14750954891E+04 0.18506552587E+04 0.28287488326E+07
 0.18676000000E+03 0.92749002284E+03 0.21444934619E-06 0.14761329805E+04 0.18506606754E+04 0.28288050830E+07
 0.18691000000E+03 0.92747520455E+03 0.21999600382E-06 0.14771706408E+04 0.18506661091E+04 0.28288611784E+07
 0.18706000000E+03 0.92746037022E+03 0.22567685376E-06 0.14782084701E+04 0.18506715599E+04 0.28289171189E+07
 0.18721000000E+03 0.92744551987E+03 0.23149491103E-06 0.14792464683E+04 0.18506770279E+04 0.28289729043E+07
 0.18736000000E+03 0.92743065351E+03 0.23745325298E-06 0.14802846354E+04 0.18506825131E+04 0.28290285348E+07
 0.18751000000E+03 0.92741577116E+03 0.24355502048E-06 0.14813229716E+04 0.18506880156E+04 0.28290840103E+07
 0.18766000000E+03 0.92740087282E+03 0.24980341909E-06 0.14823614767E+04 0.18506935355E+04 0.28291393307E+07
 0.18781000000E+03 0.92738595851E+03 0.25620172029E-06 0.14834001508E+04 0.18506990729E+04 0.28291944960E+07
 0.18796000000E+03 0.92737102826E+03 0.26275326269E-06 0.14844389940E+04 0.18507046278E+04 0.28292495062E+07
 0.18811000000E+03 0.92735608206E+03 0.26946145330E-06 0.14854780061E+04 0.18507102002E+04 0.28293043613E+07
 0.18826000000E+03 0.92734111994E+03 0.27632976878E-06 0.14865171873E+04 0.18507157904E+04 0.28293590612E+07
 0.18841000000E+03 0.92732614190E+03 0.28336175678E-06 0.14875565375E+04 0.18507213982E+04 0.28294136060E+07
 0.18856000000E+03 0.92731114797E+03 0.29056103721E-06 0.14885960567E+04 0.18507270238E+04 0.28294679956E+07
 0.18871000000E+03 0.92729613815E+03 0.29793130358E-06 0.14896357450E+04 0.18507326673E+04 0.28295222299E+07
 0.18886000000E+03 0.92728111246E+03 0.30547632440E-06 0.14906756022E+04 0.18507383288E+04 0.28295763090E+07
 0.18901000000E+03 0.92726607091E+03 0.31319994450E-06 0.14917156284E+04 0.18507440082E+04 0.28296302328E+07
 0.18916000000E+03 0.92725101352E+03 0.32110608650E-06 0.14927558235E+04 0.18507497057E+04 0.28296840013E+07
 0.18931000000E+03 0.92723594030E+03 0.32919875219E-06 0.14937961876E+04 0.18507554214E+04 0.28297376145E+07
 0.18946000000E+03 0.92722085127E+03 0.33748202401E-06 0.14948367207E+04 0.18507611552E+04 0.28297910724E+07
 0.18961000000E+03 0.92720574643E+03 0.34596006649E-06 0.14958774226E+04 0.18507669073E+04 0.28298443748E+07
 0.18976000000E+03 0.92719062581E+03 0.35463712780E-06 0.14969182934E+04 0.18507726778E+04 0.28298975219E+07
 0.18991000000E+03 0.92717548941E+03 0.36351754121E-06 0.14979593331E+04 0.18507784667E+04 0.28299505136E+07
 0.19006000000E+03 0.92716033725E+03 0.37260572670E-06 0.14990005416E+04 0.18507842741E+04 0.28300033498E+07
 0.19021000000E+03 0.92714516935E+03 0.38190619249E-06 0.15000419189E+04 0.18507901001E+04 0.28300560305E+07
 0.19036000000E+03 0.92712998571E+03 0.39142353666E-06 0.15010834649E+04 0.18507959447E+04 0.28301085557E+07
 0.19051000000E+03 0.92711478635E+03 0.40116244877E-06 0.15021251797E+04 0.18508018080E+04 0.28301609255E+07
 0.19066000000E+03 0.92709957129E+03 0.41112771148E-06 0.15031670631E+04 0.18508076901E+04 0.28302131396E+07
 0.19081000000E+03 0.92708434054E+03 0.42132420230E-06 0.15042091152E+04 0.18508135910E+04 0.28302651982E+07
 0.19096000000E+03 0.92706909411E+03 0.43175689520E-06 0.15052513358E+04 0.18508195109E+04 0.28303171012E+07
 0.19111000000E+03 0.92705383202E+03 0.44243086243E-06 0.15062937250E+04 0.18508254497E+04 0.28303688486E+07
 0.19126000000E+03 0.92703855427E+03 0.45335127620E-06 0.15073362827E+04 0.18508314076E+04 0.28304204403E+07
 0.19141000000E+03 0.92702326090E+03 0.46452341054E-06 0.15083790088E+04 0.18508373846E+04 0.28304718764E+07
 0.19156000000E+03 0.92700795189E+03 0.47595264306E-06 0.15094219033E+04 0.18508433809E+04 0.28305231568E+07
 0.19171000000E+03 0.92699262729E+03 0.48764445680E-06 0.15104649661E+04 0.18508493964E+04 0.28305742814E+07
 0.19186000000E+03 0.92697728708E+03 0.49960444214E-06 0.15115081972E+04 0.18508554313E+04 0.28306252503E+07
 0.19201000000E+03 0.92696193130E+03 0.51183829866E-06 0.15125515964E+04 0.18508614856E+04 0.28306760635E+07
 0.19216000000E+03 0.92694655995E+03 0.52435183711E-06 0.15135951639E+04 0.18508675594E+04 0.28307267208E+07
 0.19231000000E+03 0.92693117304E+03 0.53715098133E-06 0.15146388994E+04 0.18508736527E+04 0.28307772223E+07
 0.19246000000E+03 0.92691577060E+03 0.55024177028E-06 0.15156828029E+04 0.18508797657E+04 0.28308275680E+07
 0.19261000000E+03 0.92690035263E+03 0.56363036006E-06 0.15167268743E+04 0.18508858984E+04 0.28308777578E+07
 0.19276000000E+03 0.92688491915E+03 0.57732302595E-06 0.15177711136E+04 0.18508920509E+04 0.28309277917E+07
 0.19291000000E+03 0.92686947017E+03 0.59132616449E-06 0.15188155207E+04 0.18508982233E+04 0.28309776697E+07
 0.19306000000E+03 0.92685400570E+03 0.60564629566E-06 0.15198600954E+04 0.18509044156E+04 0.28310273917E+07
 0.19321000000E+03 0.92683852577E+03 0.62029006496E-06 0.15209048379E+04 0.18509106279E+04 0.28310769578E+07
 0.19336000000E+03 0.92682303038E+03 0.63526424565E-06 0.15219497478E+04 0.18509168603E+04 0.28311263679E+07
 0.19351000000E+03 0.92680751954E+03 0.65057574092E-06 0.15229948253E+04 0.18509231128E+04 0.28311756219E+07
 0.19366000000E+03 0.92679199328E+03 0.66623158623E-06 0.15240400701E+04 0.18509293855E+04 0.28312247200E+07
 0.19381000000E+03 0.92677645160E+03 0.68223895150E-06 0.15250854822E+04 0.18509356786E+04 0.28312736619E+07
 0.19396000000E+03 0.92676089452E+03 0.69860514352E-06 0.15261310615E+04 0.18509419920E+04 0.28313224477E+07
 0.19411000000E+03 0.92674532206E+03 0.71533760824E-06 0.15271768079E+04 0.18509483259E+04 0.28313710775E+07
 0.19426000000E+03 0.92672973421E+03 0.73244393324E-06 0.15282227214E+04 0.18509546803E+04 0.28314195510E+07
 0.19441000000E+03 0.92671413101E+03 0.74993185010E-06 0.15292688018E+04 0.18509610553E+04 0.28314678684E+07
 0.19456000000E+03 0.92669851246E+03 0.76780923691E-06 0.15303150490E+04 0.18509674510E+04 0.28315160297E+07
 0.19471000000E+03 0.92668287858E+03 0.78608412077E-06 0.15313614629E+04 0.18509738674E+04 0.28315640346E+07
 0.19486000000E+03 0.92666722938E+03 0.80476468032E-06 0.15324080435E+04 0.18509803047E+04 0.28316118834E+07
 0.19501000000E+03 0.92665156488E+03 0.82385924834E-06 0.15334547906E+04 0.18509867628E+04 0.28316595759E+07
 0.19516000000E+03 0.92663588508E+03 0.84337631440E-06 0.15345017041E+04 0.18509932419E+04 0.28317071120E+07
 0.19531000000E+03 0.92662019001E+03 0.86332452747E-06 0.15355487839E+04 0.18509997421E+04 0.28317544919E+07
 0.19546000000E+03 0.92660447967E+03 0.88371269867E-06 0.15365960299E+04 0.18510062633E+04 0.28318017154E+07
 0.19561000000E+03 0.92658875408E+03 0.90454980397E-06 0.15376434421E+04 0.18510128058E+04 0.28318487825E+07
 0.19576000000E+03 0.92657301325E+03 0.92584498704E-06 0.15386910202E+04 0.18510193695E+04 0.28318956932E+07
 0.19591000000E+03 0.92655725720E+03 0.94760756202E-06 0.15397387642E+04 0.18510259546E+04 0.28319424476E+07
 0.19606000000E+03 0.92654148595E+03 0.96984701641E-06 0.15407866739E+04 0.18510325611E+04 0.28319890454E+07
 0.19621000000E+03 0.92652569949E+03 0.99257301399E-06 0.15418347493E+04 0.18510391891E+04 0.28320354868E+07
 0.19636000000E+03 0.92650989786E+03 0.10157953978E-05 0.15428829902E+04 0.18510458387E+04 0.28320817717E+07
 0.19651000000E+03 0.92649408105E+03 0.10395241930E-05 0.15439313965E+04 0.18510525099E+04 0.28321279000E+07
 0.19666000000E+03 0.92647824910E+03 0.10637696101E-05 0.15449799681E+04 0.18510592029E+04 0.28321738719E+07
 0.19681000000E+03 0.92646240200E+03 0.10885420480E-05 0.15460287049E+04 0.18510659176E+04 0.28322196871E+07
 0.19696000000E+03 0.92644653977E+03 0.11138520971E-05 0.15470776067E+04 0.18510726543E+04 0.28322653457E+07
 0.19711000000E+03 0.92643066244E+03 0.11397105424E-05 0.15481266733E+04 0.18510794129E+04 0.28323108477E+07
 0.19726000000E+03 0.92641477000E+03 0.11661283669E-05 0.15491759048E+04 0.18510861935E+04 0.28323561931E+07
 0.19741000000E+03 0.92639886247E+03 0.11931167547E-05 0.15502253009E+04 0.18510929962E+04 0.28324013818E+07
 0.19756000000E+03 0.92638293988E+03 0.12206870944E-05 0.15512748615E+04 0.18510998211E+04 0.28324464137E+07
 0.19771000000E+03 0.92636700222E+03 0.12488509825E-05 0.15523245865E+04 0.18511066682E+04 0.28324912890E+07
 0.19786000000E+03 0.92635104952E+03 0.12776202269E-05 0.15533744757E+04 0.18511135377E+04 0.28325360075E+07
 0.19801000000E+03 0.92633508179E+03 0.13070068500E-05 0.15544245290E+04 0.18511204296E+04 0.28325805692E+07
 0.19816000000E+03 0.92631909904E+03 0.13370230927E-05 0.15554747464E+04 0.18511273440E+04 0.28326249741E+07
 0.19831000000E+03 0.92630310129E+03 0.13676814178E-05 0.15565251275E+04 0.18511342810E+04 0.28326692222E+07
 0.19846000000E+03 0.92628708855E+03 0.13989945134E-05 0.15575756723E+04 0.18511412406E+04 0.28327133134E+07
 0.19861000000E+03 0.92627106083E+03 0.14309752968E-05 0.15586263807E+04 0.18511482229E+04 0.28327572477E+07
 0.19876000000E+03 0.92625501815E+03 0.14636369183E-05 0.15596772525E+04 0.18511552280E+04 0.28328010251E+07
 0.19891000000E+03 0.92623896052E+03 0.14969927647E-05 0.15607282875E+04 0.18511622560E+04 0.28328446456E+07
 0.19906000000E+03 0.92622288795E+03 0.15310564633E-05 0.15617794856E+04 0.18511693069E+04 0.28328881092E+07
 0.19921000000E+03 0.92620680046E+03 0.15658418859E-05 0.15628308468E+04 0.18511763809E+04 0.28329314157E+07
 0.19936000000E+03 0.92619069806E+03 0.16013631527E-05 0.15638823707E+04 0.18511834780E+04 0.28329745652E+07
 0.19951000000E+03 0.92617458077E+03 0.16376346359E-05 0.15649340573E+04 0.18511905982E+04 0.28330175577E+07
 0.19966000000E+03 0.92615844859E+03 0.16746709645E-05 0.15659859064E+04 0.18511977418E+04 0.28330603932E+07
 0.19981000000E+03 0.92614230155E+03 0.17124870277E-05 0.15670379178E+04 0.18512049086E+04 0.28331030715E+07
 0.19996000000E+03 0.92612613966E+03 0.17510979795E-05 0.15680900915E+04 0.18512120989E+04 0.28331455928E+07
 0.20011000000E+03 0.92610996292E+03 0.17905192428E-05 0.15691424272E+04 0.18512193127E+04 0.28331879569E+07
 0.20026000000E+03 0.92609377136E+03 0.18307665137E-05 0.15701949247E+04 0.18512265500E+04 0.28332301638E+07
 0.20041000000E+03 0.92607756498E+03 0.18718557660E-05 0.15712475841E+04 0.18512338110E+04 0.28332722135E+07
 0.20056000000E+03 0.92606134380E+03 0.19138032552E-05 0.15723004049E+04 0.18512410958E+04 0.28333141060E+07
 0.20071000000E+03 0.92604510784E+03 0.19566255235E-05 0.15733533872E+04 0.18512484043E+04 0.28333558413E+07
 0.20086000000E+03 0.92602885710E+03 0.20003394039E-05 0.15744065308E+04 0.18512557367E+04 0.28333974193E+07
 0.20101000000E+03 0.92601259161E+03 0.20449620251E-05 0.15754598354E+04 0.18512630931E+04 0.28334388400E+07
 0.20116000000E+03 0.92599631137E+03 0.20905108160E-05 0.15765133009E+04 0.18512704735E+04 0.28334801034E+07
 0.20131000000E+03 0.92598001639E+03 0.21370035105E-05 0.15775669272E+04 0.18512778781E+04 0.28335212095E+07
 0.20146000000E+03 0.92596370670E+03 0.21844581524E-05 0.15786207141E+04 0.18512853068E+04 0.28335621581E+07
 0.20161000000E+03 0.92594738230E+03 0.22328931000E-05 0.15796746614E+04 0.18512927599E+04 0.28336029494E+07
 0.20176000000E+03 0.92593104322E+03 0.22823270311E-05 0.15807287689E+04 0.18513002373E+04 0.28336435832E+07
 0.20191000000E+03 0.92591468945E+03 0.23327789482E-05 0.15817830365E+04 0.18513077391E+04 0.28336840596E+07
 0.20206000000E+03 0.92589832102E+03 0.23842681835E-05 0.15828374640E+04 0.18513152654E+04 0.28337243785E+07
 0.20221000000E+03 0.92588193794E+03 0.24368144038E-05 0.15838920512E+04 0.18513228164E+04 0.28337645399E+07
 0.20236000000E+03 0.92586554022E+03 0.24904376159E-05 0.15849467980E+04 0.18513303920E+04 0.28338045438E+07
 0.20251000000E+03 0.92584912787E+03 0.25451581720E-05 0.15860017042E+04 0.18513379923E+04 0.28338443901E+07
 0.20266000000E+03 0.92583270092E+03 0.26009967748E-05 0.15870567695E+04 0.18513456175E+04 0.28338840788E+07
 0.20281000000E+03 0.92581625937E+03 0.26579744829E-05 0.15881119939E+04 0.18513532676E+04 0.28339236099E+07
 0.20296000000E+03 0.92579980323E+03 0.27161127165E-05 0.15891673772E+04 0.18513609427E+04 0.28339629834E+07
 0.20311000000E+03 0.92578333252E+03 0.27754332631E-05 0.15902229191E+04 0.18513686429E+04 0.28340021992E+07
 0.20326000000E+03 0.92576684726E+03 0.28359582825E-05 0.15912786195E+04 0.18513763682E+04 0.28340412573E+07
 0.20341000000E+03 0.92575034746E+03 0.28977103133E-05 0.15923344782E+04 0.18513841187E+04 0.28340801577E+07
 0.20356000000E+03 0.92573383312E+03 0.29607122782E-05 0.15933904950E+04 0.18513918946E+04 0.28341189004E+07
 0.20371000000E+03 0.92571730427E+03 0.30249874901E-05 0.15944466697E+04 0.18513996958E+04 0.28341574853E+07
 0.20386000000E+03 0.92570076091E+03 0.30905596577E-05 0.15955030022E+04 0.18514075225E+04 0.28341959124E+07
 0.20401000000E+03 0.92568420307E+03 0.31574528922E-05 0.15965594923E+04 0.18514153748E+04 0.28342341816E+07
 0.20416000000E+03 0.92566763075E+03 0.32256917127E-05 0.15976161397E+04 0.18514232526E+04 0.28342722931E+07
 0.20431000000E+03 0.92565104396E+03 0.32953010528E-05 0.15986729444E+04 0.18514311562E+04 0.28343102466E+07
 0.20446000000E+03 0.92563444273E+03 0.33663062669E-05 0.15997299060E+04 0.18514390856E+04 0.28343480422E+07
 0.20461000000E+03 0.92561782706E+03 0.34387331364E-05 0.16007870245E+04 0.18514470408E+04 0.28343856799E+07
 0.20476000000E+03 0.92560119697E+03 0.35126078760E-05 0.16018442996E+04 0.18514550220E+04 0.28344231597E+07
 0.20491000000E+03 0.92558455246E+03 0.35879571407E-05 0.16029017311E+04 0.18514630292E+04 0.28344604815E+07
 0.20506000000E+03 0.92556789357E+03 0.36648080319E-05 0.16039593189E+04 0.18514710625E+04 0.28344976452E+07
 0.20521000000E+03 0.92555122028E+03 0.37431881046E-05 0.16050170627E+04 0.18514791220E+04 0.28345346509E+07
 0.20536000000E+03 0.92553453263E+03 0.38231253737E-05 0.16060749624E+04 0.18514872078E+04 0.28345714986E+07
 0.20551000000E+03 0.92551783063E+03 0.39046483211E-05 0.16071330177E+04 0.18514953199E+04 0.28346081881E+07
 0.20566000000E+03 0.92550111428E+03 0.39877859030E-05 0.16081912285E+04 0.18515034584E+04 0.28346447196E+07
 0.20581000000E+03 0.92548438360E+03 0.40725675562E-05 0.16092495946E+04 0.18515116234E+04 0.28346810929E+07
 0.20596000000E+03 0.92546763861E+03 0.41590232060E-05 0.16103081157E+04 0.18515198151E+04 0.28347173080E+07
 0.20611000000E+03 0.92545087931E+03 0.42471832730E-05 0.16113667917E+04 0.18515280334E+04 0.28347533649E+07
 0.20626000000E+03 0.92543410572E+03 0.43370786806E-05 0.16124256224E+04 0.18515362784E+04 0.28347892636E+07
 0.20641000000E+03 0.92541731786E+03 0.44287408625E-05 0.16134846076E+04 0.18515445503E+04 0.28348250040E+07
 0.20656000000E+03 0.92540051573E+03 0.45222017701E-05 0.16145437470E+04 0.18515528490E+04 0.28348605861E+07
 0.20671000000E+03 0.92538369936E+03 0.46174938800E-05 0.16156030406E+04 0.18515611748E+04 0.28348960100E+07
 0.20686000000E+03 0.92536686875E+03 0.47146502020E-05 0.16166624879E+04 0.18515695276E+04 0.28349312754E+07
 0.20701000000E+03 0.92535002391E+03 0.48137042870E-05 0.16177220890E+04 0.18515779076E+04 0.28349663826E+07
 0.20716000000E+03 0.92533316487E+03 0.49146902346E-05 0.16187818435E+04 0.18515863148E+04 0.28350013313E+07
 0.20731000000E+03 0.92531629162E+03 0.50176427010E-05 0.16198417513E+04 0.18515947494E+04 0.28350361216E+07
 0.20746000000E+03 0.92529940420E+03 0.51225969078E-05 0.16209018121E+04 0.18516032113E+04 0.28350707535E+07
 0.20761000000E+03 0.92528250260E+03 0.52295886497E-05 0.16219620258E+04 0.18516117007E+04 0.28351052268E+07
 0.20776000000E+03 0.92526558685E+03 0.53386543028E-05 0.16230223922E+04 0.18516202176E+04 0.28351395417E+07
 0.20791000000E+03 0.92524865696E+03 0.54498308334E-05 0.16240829110E+04 0.18516287622E+04 0.28351736981E+07
 0.20806000000E+03 0.92523171293E+03 0.55631558063E-05 0.16251435820E+04 0.18516373345E+04 0.28352076958E+07
 0.20821000000E+03 0.92521475478E+03 0.56786673934E-05 0.16262044050E+04 0.18516459346E+04 0.28352415350E+07
 0.20836000000E+03 0.92519778254E+03 0.57964043826E-05 0.16272653798E+04 0.18516545626E+04 0.28352752156E+07
 0.20851000000E+03 0.92518079620E+03 0.59164061868E-05 0.16283265063E+04 0.18516632185E+04 0.28353087375E+07
 0.20866000000E+03 0.92516379578E+03 0.60387128526E-05 0.16293877842E+04 0.18516719024E+04 0.28353421008E+07
 0.20881000000E+03 0.92514678130E+03 0.61633650695E-05 0.16304492132E+04 0.18516806145E+04 0.28353753053E+07
 0.20896000000E+03 0.92512975276E+03 0.62904041792E-05 0.16315107932E+04 0.18516893548E+04 0.28354083511E+07
 0.20911000000E+03 0.92511271019E+03 0.64198721848E-05 0.16325725240E+04 0.18516981234E+04 0.28354412382E+07
 0.20926000000E+03 0.92509565359E+03 0.65518117605E-05 0.16336344053E+04 0.18517069203E+04 0.28354739665E+07
 0.20941000000E+03 0.92507858298E+03 0.66862662607E-05 0.16346964369E+04 0.18517157457E+04 0.28355065359E+07
 0.20956000000E+03 0.92506149837E+03 0.68232797302E-05 0.16357586187E+04 0.18517245996E+04 0.28355389465E+07
 0.20971000000E+03 0.92504439978E+03 0.69628969137E-05 0.16368209504E+04 0.18517334821E+04 0.28355711983E+07
 0.20986000000E+03 0.92502728721E+03 0.71051632655E-05 0.16378834318E+04 0.18517423933E+04 0.28356032911E+07
 0.21001000000E+03 0.92501016068E+03 0.72501249602E-05 0.16389460626E+04 0.18517513332E+04 0.28356352250E+07
 0.21016000000E+03 0.92499302020E+03 0.73978289023E-05 0.16400088428E+04 0.18517603020E+04 0.28356669999E+07
 0.21031000000E+03 0.92497586580E+03 0.75483227366E-05 0.16410717719E+04 0.18517692997E+04 0.28356986159E+07
 0.21046000000E+03 0.92495869747E+03 0.77016548587E-05 0.16421348499E+04 0.18517783265E+04 0.28357300728E+07
 0.21061000000E+03 0.92494151523E+03 0.78578744257E-05 0.16431980765E+04 0.18517873823E+04 0.28357613707E+07
 0.21076000000E+03 0.92492431910E+03 0.80170313665E-05 0.16442614515E+04 0.18517964673E+04 0.28357925095E+07
 0.21091000000E+03 0.92490710908E+03 0.81791763929E-05 0.16453249747E+04 0.18518055816E+04 0.28358234892E+07
 0.21106000000E+03 0.92488988520E+03 0.83443610103E-05 0.16463886458E+04 0.18518147252E+04 0.28358543098E+07
 0.21121000000E+03 0.92487264746E+03 0.85126375291E-05 0.16474524647E+04 0.18518238982E+04 0.28358849712E+07
 0.21136000000E+03 0.92485539588E+03 0.86840590755E-05 0.16485164311E+04 0.18518331007E+04 0.28359154734E+07
 0.21151000000E+03 0.92483813047E+03 0.88586796031E-05 0.16495805448E+04 0.18518423328E+04 0.28359458164E+07
 0.21166000000E+03 0.92482085124E+03 0.90365539043E-05 0.16506448055E+04 0.18518515946E+04 0.28359760001E+07
 0.21181000000E+03 0.92480355821E+03 0.92177376218E-05 0.16517092131E+04 0.18518608861E+04 0.28360060246E+07
 0.21196000000E+03 0.92478625139E+03 0.94022872607E-05 0.16527737674E+04 0.18518702074E+04 0.28360358897E+07
 0.21211000000E+03 0.92476893079E+03 0.95902601999E-05 0.16538384680E+04 0.18518795586E+04 0.28360655955E+07
 0.21226000000E+03 0.92475159642E+03 0.97817147044E-05 0.16549033149E+04 0.18518889398E+04 0.28360951420E+07
 0.21241000000E+03 0.92473424831E+03 0.99767099375E-05 0.16559683077E+04 0.18518983511E+04 0.28361245290E+07
 0.21256000000E+03 0.92471688645E+03 0.10175305973E-04 0.16570334462E+04 0.18519077925E+04 0.28361537566E+07
 0.21271000000E+03 0.92469951087E+03 0.10377563808E-04 0.16580987303E+04 0.18519172642E+04 0.28361828247E+07
 0.21286000000E+03 0.92468212158E+03 0.10583545374E-04 0.16591641596E+04 0.18519267661E+04 0.28362117333E+07
 0.21301000000E+03 0.92466471858E+03 0.10793313553E-04 0.16602297341E+04 0.18519362985E+04 0.28362404825E+07
 0.21316000000E+03 0.92464730190E+03 0.11006932187E-04 0.16612954533E+04 0.18519458613E+04 0.28362690720E+07
 0.21331000000E+03 0.92462987154E+03 0.11224466091E-04 0.16623613172E+04 0.18519554547E+04 0.28362975020E+07
 0.21346000000E+03 0.92461242752E+03 0.11445981071E-04 0.16634273255E+04 0.18519650787E+04 0.28363257724E+07
 0.21361000000E+03 0.92459496985E+03 0.11671543931E-04 0.16644934780E+04 0.18519747335E+04 0.28363538831E+07
 0.21376000000E+03 0.92457749855E+03 0.11901222491E-04 0.16655597744E+04 0.18519844190E+04 0.28363818341E+07
 0.21391000000E+03 0.92456001362E+03 0.12135085598E-04 0.16666262145E+04 0.18519941354E+04 0.28364096254E+07
 0.21406000000E+03 0.92454251508E+03 0.12373203142E-04 0.16676927981E+04 0.18520038828E+04 0.28364372570E+07
 0.21421000000E+03 0.92452500295E+03 0.12615646069E-04 0.16687595250E+04 0.18520136612E+04 0.28364647288E+07
 0.21436000000E+03 0.92450747723E+03 0.12862486394E-04 0.16698263949E+04 0.18520234708E+04 0.28364920409E+07
 0.21451000000E+03 0.92448993793E+03 0.13113797218E-04 0.16708934076E+04 0.18520333115E+04 0.28365191930E+07
 0.21466000000E+03 0.92447238508E+03 0.13369652740E-04 0.16719605629E+04 0.18520431835E+04 0.28365461854E+07
 0.21481000000E+03 0.92445481868E+03 0.13630128273E-04 0.16730278605E+04 0.18520530869E+04 0.28365730178E+07
 0.21496000000E+03 0.92443723875E+03 0.13895300258E-04 0.16740953002E+04 0.18520630218E+04 0.28365996903E+07
 0.21511000000E+03 0.92441964530E+03 0.14165246280E-04 0.16751628819E+04 0.18520729882E+04 0.28366262028E+07
 0.21526000000E+03 0.92440203834E+03 0.14440045084E-04 0.16762306052E+04 0.18520829861E+04 0.28366525554E+07
 0.21541000000E+03 0.92438441788E+03 0.14719776586E-04 0.16772984699E+04 0.18520930158E+04 0.28366787479E+07
 0.21556000000E+03 0.92436678394E+03 0.15004521894E-04 0.16783664759E+04 0.18521030773E+04 0.28367047804E+07
 0.21571000000E+03 0.92434913653E+03 0.15294363320E-04 0.16794346228E+04 0.18521131706E+04 0.28367306528E+07
 0.21586000000E+03 0.92433147567E+03 0.15589384398E-04 0.16805029104E+04 0.18521232958E+04 0.28367563650E+07
 0.21601000000E+03 0.92431380136E+03 0.15889669899E-04 0.16815713386E+04 0.18521334531E+04 0.28367819171E+07
 0.21616000000E+03 0.92429611361E+03 0.16195305846E-04 0.16826399070E+04 0.18521436424E+04 0.28368073091E+07
 0.21631000000E+03 0.92427841245E+03 0.16506379535E-04 0.16837086155E+04 0.18521538639E+04 0.28368325408E+07
 0.21646000000E+03 0.92426069788E+03 0.16822979544E-04 0.16847774638E+04 0.18521641177E+04 0.28368576123E+07
 0.21661000000E+03 0.92424296992E+03 0.17145195759E-04 0.16858464517E+04 0.18521744039E+04 0.28368825234E+07
 0.21676000000E+03 0.92422522857E+03 0.17473119383E-04 0.16869155790E+04 0.18521847224E+04 0.28369072743E+07
 0.21691000000E+03 0.92420747386E+03 0.17806842957E-04 0.16879848454E+04 0.18521950734E+04 0.28369318648E+07
 0.21706000000E+03 0.92418970579E+03 0.18146460378E-04 0.16890542506E+04 0.18522054571E+04 0.28369562950E+07
 0.21721000000E+03 0.92417192438E+03 0.18492066914E-04 0.16901237946E+04 0.18522158734E+04 0.28369805647E+07
 0.21736000000E+03 0.92415412963E+03 0.18843759224E-04 0.16911934769E+04 0.18522263224E+04 0.28370046739E+07
 0.21751000000E+03 0.92413632157E+03 0.19201635374E-04 0.16922632975E+04 0.18522368043E+04 0.28370286227E+07
 0.21766000000E+03 0.92411850020E+03 0.19565794858E-04 0.16933332560E+04 0.18522473190E+04 0.28370524110E+07
 0.21781000000E+03 0.92410066554E+03 0.19936338613E-04 0.16944033522E+04 0.18522578668E+04 0.28370760387E+07
 0.21796000000E+03 0.92408281760E+03 0.20313369039E-04 0.16954735860E+04 0.18522684476E+04 0.28370995059E+07
 0.21811000000E+03 0.92406495639E+03 0.20696990019E-04 0.16965439570E+04 0.18522790616E+04 0.28371228124E+07
 0.21826000000E+03 0.92404708192E+03 0.21087306936E-04 0.16976144650E+04 0.18522897088E+04 0.28371459583E+07
 0.21841000000E+03 0.92402919421E+03 0.21484426694E-04 0.16986851098E+04 0.18523003893E+04 0.28371689434E+07
 0.21856000000E+03 0.92401129327E+03 0.21888457735E-04 0.16997558912E+04 0.18523111032E+04 0.28371917679E+07
 0.21871000000E+03 0.92399337911E+03 0.22299510062E-04 0.17008268089E+04 0.18523218506E+04 0.28372144316E+07
 0.21886000000E+03 0.92397545175E+03 0.22717695254E-04 0.17018978627E+04 0.18523326315E+04 0.28372369345E+07
 0.21901000000E+03 0.92395751119E+03 0.23143126491E-04 0.17029690524E+04 0.18523434461E+04 0.28372592766E+07
 0.21916000000E+03 0.92393955745E+03 0.23575918571E-04 0.17040403776E+04 0.18523542943E+04 0.28372814578E+07
 0.21931000000E+03 0.92392159055E+03 0.24016187934E-04 0.17051118383E+04 0.18523651764E+04 0.28373034782E+07
 0.21946000000E+03 0.92390361049E+03 0.24464052676E-04 0.17061834341E+04 0.18523760923E+04 0.28373253376E+07
 0.21961000000E+03 0.92388561728E+03 0.24919632578E-04 0.17072551649E+04 0.18523870422E+04 0.28373470360E+07
 0.21976000000E+03 0.92386761095E+03 0.25383049121E-04 0.17083270303E+04 0.18523980261E+04 0.28373685734E+07
 0.21991000000E+03 0.92384959149E+03 0.25854425511E-04 0.17093990302E+04 0.18524090442E+04 0.28373899498E+07
 0.22006000000E+03 0.92383155893E+03 0.26333886698E-04 0.17104711643E+04 0.18524200964E+04 0.28374111652E+07
 0.22021000000E+03 0.92381351328E+03 0.26821559400E-04 0.17115434324E+04 0.18524311829E+04 0.28374322194E+07
 0.22036000000E+03 0.92379545454E+03 0.27317572124E-04 0.17126158343E+04 0.18524423038E+04 0.28374531124E+07
 0.22051000000E+03 0.92377738274E+03 0.27822055188E-04 0.17136883696E+04 0.18524534591E+04 0.28374738443E+07
 0.22066000000E+03 0.92375929788E+03 0.28335140745E-04 0.17147610383E+04 0.18524646489E+04 0.28374944150E+07
 0.22081000000E+03 0.92374119998E+03 0.28856962802E-04 0.17158338399E+04 0.18524758733E+04 0.28375148244E+07
 0.22096000000E+03 0.92372308904E+03 0.29387657250E-04 0.17169067744E+04 0.18524871323E+04 0.28375350725E+07
 0.22111000000E+03 0.92370496508E+03 0.29927361879E-04 0.17179798415E+04 0.18524984262E+04 0.28375551593E+07
 0.22126000000E+03 0.92368682812E+03 0.30476216408E-04 0.17190530409E+04 0.18525097548E+04 0.28375750847E+07
 0.22141000000E+03 0.92366867816E+03 0.31034362504E-04 0.17201263724E+04 0.18525211184E+04 0.28375948487E+07
 0.22156000000E+03 0.92365051522E+03 0.31601943811E-04 0.17211998357E+04 0.18525325170E+04 0.28376144513E+07
 0.22171000000E+03 0.92363233931E+03 0.32179105970E-04 0.17222734307E+04 0.18525439507E+04 0.28376338924E+07
 0.22186000000E+03 0.92361415044E+03 0.32765996643E-04 0.17233471571E+04 0.18525554195E+04 0.28376531720E+07
 0.22201000000E+03 0.92359594862E+03 0.33362765543E-04 0.17244210147E+04 0.18525669235E+04 0.28376722900E+07
 0.22216000000E+03 0.92357773387E+03 0.33969564455E-04 0.17254950032E+04 0.18525784628E+04 0.28376912465E+07
 0.22231000000E+03 0.92355950620E+03 0.34586547260E-04 0.17265691223E+04 0.18525900376E+04 0.28377100413E+07
 0.22246000000E+03 0.92354126562E+03 0.35213869965E-04 0.17276433720E+04 0.18526016478E+04 0.28377286744E+07
 0.22261000000E+03 0.92352301215E+03 0.35851690725E-04 0.17287177518E+04 0.18526132936E+04 0.28377471458E+07
 0.22276000000E+03 0.92350474579E+03 0.36500169871E-04 0.17297922616E+04 0.18526249750E+04 0.28377654555E+07
 0.22291000000E+03 0.92348646655E+03 0.37159469935E-04 0.17308669012E+04 0.18526366921E+04 0.28377836034E+07
 0.22306000000E+03 0.92346817446E+03 0.37829755678E-04 0.17319416703E+04 0.18526484450E+04 0.28378015895E+07
 0.22321000000E+03 0.92344986952E+03 0.38511194116E-04 0.17330165686E+04 0.18526602337E+04 0.28378194137E+07
 0.22336000000E+03 0.92343155174E+03 0.39203954548E-04 0.17340915960E+04 0.18526720584E+04 0.28378370760E+07
 0.22351000000E+03 0.92341322114E+03 0.39908208582E-04 0.17351667523E+04 0.18526839192E+04 0.28378545763E+07
 0.22366000000E+03 0.92339487773E+03 0.40624130164E-04 0.17362420370E+04 0.18526958160E+04 0.28378719147E+07
 0.22381000000E+03 0.92337652151E+03 0.41351895607E-04 0.17373174502E+04 0.18527077491E+04 0.28378890910E+07
 0.22396000000E+03 0.92335815251E+03 0.42091683615E-04 0.17383929914E+04 0.18527197183E+04 0.28379061053E+07
 0.22411000000E+03 0.92333977074E+03 0.42843675316E-04 0.17394686605E+04 0.18527317240E+04 0.28379229575E+07
 0.22426000000E+03 0.92332137620E+03 0.43608054290E-04 0.17405444572E+04 0.18527437660E+04 0.28379396475E+07
 0.22441000000E+03 0.92330296891E+03 0.44385006597E-04 0.17416203813E+04 0.18527558446E+04 0.28379561754E+07
 0.22456000000E+03 0.92328454888E+03 0.45174720805E-04 0.17426964326E+04 0.18527679597E+04 0.28379725410E+07
 0.22471000000E+03 0.92326611612E+03 0.45977388025E-04 0.17437726108E+04 0.18527801115E+04 0.28379887444E+07
 0.22486000000E+03 0.92324767065E+03 0.46793201936E-04 0.17448489157E+04 0.18527923000E+04 0.28380047854E+07
 0.22501000000E+03 0.92322921248E+03 0.47622358816E-04 0.17459253470E+04 0.18528045254E+04 0.28380206641E+07
 0.22516000000E+03 0.92321074161E+03 0.48465057576E-04 0.17470019046E+04 0.18528167876E+04 0.28380363804E+07
 0.22531000000E+03 0.92319225807E+03 0.49321499787E-04 0.17480785881E+04 0.18528290868E+04 0.28380519343E+07
 0.22546000000E+03 0.92317376186E+03 0.50191889713E-04 0.17491553974E+04 0.18528414231E+04 0.28380673256E+07
 0.22561000000E+03 0.92315525299E+03 0.51076434344E-04 0.17502323323E+04 0.18528537964E+04 0.28380825545E+07
 0.22576000000E+03 0.92313673148E+03 0.51975343425E-04 0.17513093924E+04 0.18528662070E+04 0.28380976208E+07
 0.22591000000E+03 0.92311819734E+03 0.52888829490E-04 0.17523865775E+04 0.18528786549E+04 0.28381125245E+07
 0.22606000000E+03 0.92309965059E+03 0.53817107895E-04 0.17534638875E+04 0.18528911401E+04 0.28381272656E+07
 0.22621000000E+03 0.92308109122E+03 0.54760396848E-04 0.17545413220E+04 0.18529036628E+04 0.28381418439E+07
 0.22636000000E+03 0.92306251926E+03 0.55718917446E-04 0.17556188809E+04 0.18529162229E+04 0.28381562596E+07
 0.22651000000E+03 0.92304393472E+03 0.56692893706E-04 0.17566965639E+04 0.18529288207E+04 0.28381705124E+07
 0.22666000000E+03 0.92302533760E+03 0.57682552600E-04 0.17577743708E+04 0.18529414561E+04 0.28381846025E+07
 0.22681000000E+03 0.92300672793E+03 0.58688124088E-04 0.17588523013E+04 0.18529541293E+04 0.28381985296E+07
 0.22696000000E+03 0.92298810570E+03 0.59709841153E-04 0.17599303552E+04 0.18529668404E+04 0.28382122939E+07
 0.22711000000E+03 0.92296947095E+03 0.60747939837E-04 0.17610085324E+04 0.18529795893E+04 0.28382258952E+07
 0.22726000000E+03 0.92295082366E+03 0.61802659275E-04 0.17620868324E+04 0.18529923762E+04 0.28382393335E+07
 0.22741000000E+03 0.92293216387E+03 0.62874241729E-04 0.17631652552E+04 0.18530052012E+04 0.28382526087E+07
 0.22756000000E+03 0.92291349158E+03 0.63962932628E-04 0.17642438004E+04 0.18530180643E+04 0.28382657209E+07
 0.22771000000E+03 0.92289480680E+03 0.65068980599E-04 0.17653224679E+04 0.18530309656E+04 0.28382786699E+07
 0.22786000000E+03 0.92287610954E+03 0.66192637509E-04 0.17664012574E+04 0.18530439052E+04 0.28382914558E+07
 0.22801000000E+03 0.92285739982E+03 0.67334158497E-04 0.17674801686E+04 0.18530568831E+04 0.28383040784E+07
 0.22816000000E+03 0.92283867764E+03 0.68493802015E-04 0.17685592014E+04 0.18530698995E+04 0.28383165377E+07
 0.22831000000E+03 0.92281994303E+03 0.69671829863E-04 0.17696383556E+04 0.18530829545E+04 0.28383288338E+07
 0.22846000000E+03 0.92280119598E+03 0.70868507229E-04 0.17707176308E+04 0.18530960480E+04 0.28383409664E+07
 0.22861000000E+03 0.92278243652E+03 0.72084102725E-04 0.17717970268E+04 0.18531091802E+04 0.28383529357E+07
 0.22876000000E+03 0.92276366465E+03 0.73318888428E-04 0.17728765435E+04 0.18531223512E+04 0.28383647415E+07
 0.22891000000E+03 0.92274488039E+03 0.74573139918E-04 0.17739561805E+04 0.18531355609E+04 0.28383763838E+07
 0.22906000000E+03 0.92272608375E+03 0.75847136318E-04 0.17750359377E+04 0.18531488096E+04 0.28383878625E+07
 0.22921000000E+03 0.92270727473E+03 0.77141160332E-04 0.17761158148E+04 0.18531620973E+04 0.28383991776E+07
 0.22936000000E+03 0.92268845336E+03 0.78455498288E-04 0.17771958116E+04 0.18531754240E+04 0.28384103291E+07
 0.22951000000E+03 0.92266961964E+03 0.79790440176E-04 0.17782759279E+04 0.18531887898E+04 0.28384213169E+07
 0.22966000000E+03 0.92265077358E+03 0.81146279692E-04 0.17793561634E+04 0.18532021949E+04 0.28384321409E+07
 0.22981000000E+03 0.92263191520E+03 0.82523314274E-04 0.17804365179E+04 0.18532156392E+04 0.28384428012E+07
 0.22996000000E+03 0.92261304451E+03 0.83921845152E-04 0.17815169911E+04 0.18532291229E+04 0.28384532976E+07
 0.23011000000E+03 0.92259416152E+03 0.85342177381E-04 0.17825975829E+04 0.18532426460E+04 0.28384636301E+07
 0.23026000000E+03 0.92257526624E+03 0.86784619890E-04 0.17836782930E+04 0.18532562087E+04 0.28384737986E+07
 0.23041000000E+03 0.92255635868E+03 0.88249485522E-04 0.17847591211E+04 0.18532698109E+04 0.28384838032E+07
 0.23056000000E+03 0.92253743886E+03 0.89737091078E-04 0.17858400671E+04 0.18532834528E+04 0.28384936437E+07
 0.23071000000E+03 0.92251850678E+03 0.91247757361E-04 0.17869211307E+04 0.18532971344E+04 0.28385033202E+07
 0.23086000000E+03 0.92249956246E+03 0.92781809220E-04 0.17880023117E+04 0.18533108558E+04 0.28385128324E+07
 0.23101000000E+03 0.92248060591E+03 0.94339575594E-04 0.17890836098E+04 0.18533246171E+04 0.28385221805E+07
 0.23116000000E+03 0.92246163714E+03 0.95921389558E-04 0.17901650249E+04 0.18533384184E+04 0.28385313644E+07
 0.23131000000E+03 0.92244265616E+03 0.97527588366E-04 0.17912465566E+04 0.18533522597E+04 0.28385403839E+07
 0.23146000000E+03 0.92242366299E+03 0.99158513501E-04 0.17923282049E+04 0.18533661412E+04 0.28385492391E+07
 0.23161000000E+03 0.92240465763E+03 0.10081451072E-03 0.17934099693E+04 0.18533800628E+04 0.28385579299E+07
 0.23176000000E+03 0.92238564010E+03 0.10249593009E-03 0.17944918498E+04 0.18533940246E+04 0.28385664563E+07
 0.23191000000E+03 0.92236661041E+03 0.10420312605E-03 0.17955738460E+04 0.18534080269E+04 0.28385748181E+07
 0.23206000000E+03 0.92234756857E+03 0.10593645746E-03 0.17966559578E+04 0.18534220695E+04 0.28385830154E+07
 0.23221000000E+03 0.92232851459E+03 0.10769628763E-03 0.17977381849E+04 0.18534361526E+04 0.28385910481E+07
 0.23236000000E+03 0.92230944848E+03 0.10948298439E-03 0.17988205271E+04 0.18534502762E+04 0.28385989161E+07
 0.23251000000E+03 0.92229037026E+03 0.11129692011E-03 0.17999029842E+04 0.18534644405E+04 0.28386066194E+07
 0.23266000000E+03 0.92227127993E+03 0.11313847180E-03 0.18009855559E+04 0.18534786455E+04 0.28386141579E+07
 0.23281000000E+03 0.92225217751E+03 0.11500802110E-03 0.18020682420E+04 0.18534928913E+04 0.28386215316E+07
 0.23296000000E+03 0.92223306301E+03 0.11690595437E-03 0.18031510423E+04 0.18535071779E+04 0.28386287405E+07
 0.23311000000E+03 0.92221393644E+03 0.11883266272E-03 0.18042339566E+04 0.18535215054E+04 0.28386357844E+07
 0.23326000000E+03 0.92219479781E+03 0.12078854208E-03 0.18053169846E+04 0.18535358740E+04 0.28386426633E+07
 0.23341000000E+03 0.92217564714E+03 0.12277399323E-03 0.18064001261E+04 0.18535502836E+04 0.28386493771E+07
 0.23356000000E+03 0.92215648443E+03 0.12478942187E-03 0.18074833809E+04 0.18535647344E+04 0.28386559259E+07
 0.23371000000E+03 0.92213730969E+03 0.12683523866E-03 0.18085665983E+04 0.18535792264E+04 0.28386623095E+07
 0.23386000000E+03 0.92211812294E+03 0.12891185928E-03 0.18096500788E+04 0.18535937597E+04 0.28386685279E+07
 0.23401000000E+03 0.92209892419E+03 0.13101970448E-03 0.18107336719E+04 0.18536083343E+04 0.28386745810E+07
 0.23416000000E+03 0.92207971345E+03 0.13315920015E-03 0.18118173775E+04 0.18536229504E+04 0.28386804688E+07
 0.23431000000E+03 0.92206049074E+03 0.13533077733E-03 0.18129011952E+04 0.18536376081E+04 0.28386861912E+07
 0.23446000000E+03 0.92204125605E+03 0.13753487231E-03 0.18139851248E+04 0.18536523073E+04 0.28386917482E+07
 0.23461000000E+03 0.92202200941E+03 0.13977192668E-03 0.18150691662E+04 0.18536670481E+04 0.28386971397E+07
 0.23476000000E+03 0.92200275082E+03 0.14204238736E-03 0.18161533190E+04 0.18536818307E+04 0.28387023656E+07
 0.23491000000E+03 0.92198348030E+03 0.14434670667E-03 0.18172375831E+04 0.18536966551E+04 0.28387074259E+07
 0.23506000000E+03 0.92196419786E+03 0.14668534239E-03 0.18183219583E+04 0.18537115213E+04 0.28387123206E+07
 0.23521000000E+03 0.92194490350E+03 0.14905875783E-03 0.18194064442E+04 0.18537264295E+04 0.28387170495E+07
 0.23536000000E+03 0.92192559725E+03 0.15146742185E-03 0.18204910407E+04 0.18537413798E+04 0.28387216126E+07
 0.23551000000E+03 0.92190627911E+03 0.15391180895E-03 0.18215757477E+04 0.18537563721E+04 0.28387260099E+07
 0.23566000000E+03 0.92188694909E+03 0.15639239933E-03 0.18226605647E+04 0.18537714066E+04 0.28387302413E+07
 0.23581000000E+03 0.92186760720E+03 0.15890967893E-03 0.18237454917E+04 0.18537864833E+04 0.28387343067E+07
 0.23596000000E+03 0.92184825346E+03 0.16146413948E-03 0.18248305283E+04 0.18538016023E+04 0.28387382061E+07
 0.23611000000E+03 0.92182888787E+03 0.16405627862E-03 0.18259156744E+04 0.18538167637E+04 0.28387419394E+07
 0.23626000000E+03 0.92180951046E+03 0.16668659988E-03 0.18270009298E+04 0.18538319675E+04 0.28387455065E+07
 0.23641000000E+03 0.92179012122E+03 0.16935561281E-03 0.18280862942E+04 0.18538472139E+04 0.28387489075E+07
 0.23656000000E+03 0.92177072017E+03 0.17206383299E-03 0.18291717675E+04 0.18538625029E+04 0.28387521421E+07
 0.23671000000E+03 0.92175130732E+03 0.17481178212E-03 0.18302573493E+04 0.18538778345E+04 0.28387552105E+07
 0.23686000000E+03 0.92173188269E+03 0.17759998809E-03 0.18313430395E+04 0.18538932089E+04 0.28387581124E+07
 0.23701000000E+03 0.92171244627E+03 0.18042898503E-03 0.18324288378E+04 0.18539086260E+04 0.28387608479E+07
 0.23716000000E+03 0.92169299809E+03 0.18329931336E-03 0.18335147440E+04 0.18539240860E+04 0.28387634168E+07
 0.23731000000E+03 0.92167353816E+03 0.18621151988E-03 0.18346007580E+04 0.18539395890E+04 0.28387658192E+07
 0.23746000000E+03 0.92165406648E+03 0.18916615782E-03 0.18356868795E+04 0.18539551350E+04 0.28387680549E+07
 0.23761000000E+03 0.92163458307E+03 0.19216378691E-03 0.18367731082E+04 0.18539707241E+04 0.28387701239E+07
 0.23776000000E+03 0.92161508794E+03 0.19520497346E-03 0.18378594440E+04 0.18539863563E+04 0.28387720261E+07
 0.23791000000E+03 0.92159558110E+03 0.19829029039E-03 0.18389458866E+04 0.18540020318E+04 0.28387737615E+07
 0.23806000000E+03 0.92157606256E+03 0.20142031734E-03 0.18400324358E+04 0.18540177505E+04 0.28387753300E+07
 0.23821000000E+03 0.92155653233E+03 0.20459564071E-03 0.18411190914E+04 0.18540335126E+04 0.28387767315E+07
 0.23836000000E+03 0.92153699043E+03 0.20781685374E-03 0.18422058532E+04 0.18540493182E+04 0.28387779659E+07
 0.23851000000E+03 0.92151743686E+03 0.21108455656E-03 0.18432927209E+04 0.18540651672E+04 0.28387790333E+07
 0.23866000000E+03 0.92149787163E+03 0.21439935629E-03 0.18443796944E+04 0.18540810599E+04 0.28387799335E+07
 0.23881000000E+03 0.92147829476E+03 0.21776186711E-03 0.18454667734E+04 0.18540969961E+04 0.28387806664E+07
 0.23896000000E+03 0.92145870625E+03 0.22117271027E-03 0.18465539577E+04 0.18541129761E+04 0.28387812321E+07
 0.23911000000E+03 0.92143910612E+03 0.22463251426E-03 0.18476412471E+04 0.18541289999E+04 0.28387816304E+07
 0.23926000000E+03 0.92141949438E+03 0.22814191478E-03 0.18487286414E+04 0.18541450675E+04 0.28387818612E+07
 0.23941000000E+03 0.92139987104E+03 0.23170155490E-03 0.18498161403E+04 0.18541611790E+04 0.28387819245E+07
 0.23956000000E+03 0.92138023612E+03 0.23531208508E-03 0.18509037437E+04 0.18541773345E+04 0.28387818203E+07
 0.23971000000E+03 0.92136058961E+03 0.23897416325E-03 0.18519914513E+04 0.18541935341E+04 0.28387815484E+07
 0.23986000000E+03 0.92134093153E+03 0.24268845490E-03 0.18530792630E+04 0.18542097778E+04 0.28387811088E+07
 0.24001000000E+03 0.92132126190E+03 0.24645563315E-03 0.18541671784E+04 0.18542260657E+04 0.28387805014E+07
 0.24016000000E+03 0.92130158072E+03 0.25027637882E-03 0.18552551974E+04 0.18542423978E+04 0.28387797262E+07
 0.24031000000E+03 0.92128188801E+03 0.25415138050E-03 0.18563433198E+04 0.18542587743E+04 0.28387787830E+07
 0.24046000000E+03 0.92126218377E+03 0.25808133464E-03 0.18574315453E+04 0.18542751952E+04 0.28387776719E+07
 0.24061000000E+03 0.92124246802E+03 0.26206694564E-03 0.18585198738E+04 0.18542916605E+04 0.28387763926E+07
 0.24076000000E+03 0.92122274077E+03 0.26610892588E-03 0.18596083050E+04 0.18543081704E+04 0.28387749453E+07
 0.24091000000E+03 0.92120300202E+03 0.27020799586E-03 0.18606968387E+04 0.18543247248E+04 0.28387733297E+07
 0.24106000000E+03 0.92118325180E+03 0.27436488423E-03 0.18617854747E+04 0.18543413239E+04 0.28387715459E+07
 0.24121000000E+03 0.92116349010E+03 0.27858032788E-03 0.18628742128E+04 0.18543579678E+04 0.28387695937E+07
 0.24136000000E+03 0.92114371694E+03 0.28285507205E-03 0.18639630528E+04 0.18543746565E+04 0.28387674730E+07
 0.24151000000E+03 0.92112393234E+03 0.28718987039E-03 0.18650519945E+04 0.18543913900E+04 0.28387651839E+07
 0.24166000000E+03 0.92110413630E+03 0.29158548501E-03 0.18661410376E+04 0.18544081684E+04 0.28387627262E+07
 0.24181000000E+03 0.92108432883E+03 0.29604268664E-03 0.18672301819E+04 0.18544249919E+04 0.28387600999E+07
 0.24196000000E+03 0.92106450994E+03 0.30056225463E-03 0.18683194273E+04 0.18544418604E+04 0.28387573048E+07
 0.24211000000E+03 0.92104467965E+03 0.30514497709E-03 0.18694087735E+04 0.18544587740E+04 0.28387543410E+07
 0.24226000000E+03 0.92102483797E+03 0.30979165095E-03 0.18704982204E+04 0.18544757329E+04 0.28387512082E+07
 0.24241000000E+03 0.92100498490E+03 0.31450308205E-03 0.18715877676E+04 0.18544927370E+04 0.28387479066E+07
 0.24256000000E+03 0.92098512045E+03 0.31928008523E-03 0.18726774150E+04 0.18545097864E+04 0.28387444359E+07
 0.24271000000E+03 0.92096524465E+03 0.32412348441E-03 0.18737671624E+04 0.18545268813E+04 0.28387407961E+07
 0.24286000000E+03 0.92094535749E+03 0.32903411267E-03 0.18748570096E+04 0.18545440216E+04 0.28387369871E+07
 0.24301000000E+03 0.92092545899E+03 0.33401281238E-03 0.18759469564E+04 0.18545612074E+04 0.28387330089E+07
 0.24316000000E+03 0.92090554916E+03 0.33906043522E-03 0.18770370025E+04 0.18545784388E+04 0.28387288613E+07
 0.24331000000E+03 0.92088562801E+03 0.34417784231E-03 0.18781271477E+04 0.18545957159E+04 0.28387245443E+07
 0.24346000000E+03 0.92086569555E+03 0.34936590433E-03 0.18792173919E+04 0.18546130386E+04 0.28387200579E+07
 0.24361000000E+03 0.92084575179E+03 0.35462550153E-03 0.18803077349E+04 0.18546304072E+04 0.28387154019E+07
 0.24376000000E+03 0.92082579674E+03 0.35995752391E-03 0.18813981763E+04 0.18546478216E+04 0.28387105762E+07
 0.24391000000E+03 0.92080583042E+03 0.36536287123E-03 0.18824887161E+04 0.18546652820E+04 0.28387055808E+07
 0.24406000000E+03 0.92078585282E+03 0.37084245316E-03 0.18835793540E+04 0.18546827883E+04 0.28387004157E+07
 0.24421000000E+03 0.92076586398E+03 0.37639718936E-03 0.18846700899E+04 0.18547003407E+04 0.28386950806E+07
 0.24436000000E+03 0.92074586388E+03 0.38202800957E-03 0.18857609234E+04 0.18547179391E+04 0.28386895756E+07
 0.24451000000E+03 0.92072585255E+03 0.38773585370E-03 0.18868518544E+04 0.18547355838E+04 0.28386839005E+07
 0.24466000000E+03 0.92070583000E+03 0.39352167192E-03 0.18879428827E+04 0.18547532747E+04 0.28386780553E+07
 0.24481000000E+03 0.92068579623E+03 0.39938642479E-03 0.18890340081E+04 0.18547710119E+04 0.28386720399E+07
 0.24496000000E+03 0.92066575125E+03 0.40533108331E-03 0.18901252304E+04 0.18547887954E+04 0.28386658542E+07
 0.24511000000E+03 0.92064569509E+03 0.41135662904E-03 0.18912165493E+04 0.18548066254E+04 0.28386594981E+07
 0.24526000000E+03 0.92062562774E+03 0.41746405424E-03 0.18923079648E+04 0.18548245018E+04 0.28386529716E+07
 0.24541000000E+03 0.92060554922E+03 0.42365436188E-03 0.18933994765E+04 0.18548424249E+04 0.28386462745E+07
 0.24556000000E+03 0.92058545953E+03 0.42992856581E-03 0.18944910842E+04 0.18548603945E+04 0.28386394068E+07
 0.24571000000E+03 0.92056535870E+03 0.43628769085E-03 0.18955827879E+04 0.18548784108E+04 0.28386323684E+07
 0.24586000000E+03 0.92054524672E+03 0.44273277286E-03 0.18966745872E+04 0.18548964738E+04 0.28386251592E+07
 0.24601000000E+03 0.92052512362E+03 0.44926485888E-03 0.18977664819E+04 0.18549145837E+04 0.28386177791E+07
 0.24616000000E+03 0.92050498939E+03 0.45588500722E-03 0.18988584720E+04 0.18549327404E+04 0.28386102280E+07
 0.24631000000E+03 0.92048484405E+03 0.46259428756E-03 0.18999505570E+04 0.18549509441E+04 0.28386025059E+07
 0.24646000000E+03 0.92046468762E+03 0.46939378103E-03 0.19010427370E+04 0.18549691947E+04 0.28385946127E+07
 0.24661000000E+03 0.92044452009E+03 0.47628458037E-03 0.19021350116E+04 0.18549874924E+04 0.28385865482E+07
 0.24676000000E+03 0.92042434149E+03 0.48326779000E-03 0.19032273806E+04 0.18550058372E+04 0.28385783124E+07
 0.24691000000E+03 0.92040415182E+03 0.49034452615E-03 0.19043198439E+04 0.18550242292E+04 0.28385699052E+07
 0.24706000000E+03 0.92038395109E+03 0.49751591691E-03 0.19054124013E+04 0.18550426684E+04 0.28385613266E+07
 0.24721000000E+03 0.92036373931E+03 0.50478310242E-03 0.19065050525E+04 0.18550611549E+04 0.28385525763E+07
 0.24736000000E+03 0.92034351650E+03 0.51214723493E-03 0.19075977974E+04 0.18550796888E+04 0.28385436544E+07
 0.24751000000E+03 0.92032328266E+03 0.51960947892E-03 0.19086906357E+04 0.18550982701E+04 0.28385345607E+07
 0.24766000000E+03 0.92030303780E+03 0.52717101121E-03 0.19097835673E+04 0.18551168989E+04 0.28385252952E+07
 0.24781000000E+03 0.92028278194E+03 0.53483302107E-03 0.19108765919E+04 0.18551355752E+04 0.28385158578E+07
 0.24796000000E+03 0.92026251508E+03 0.54259671035E-03 0.19119697094E+04 0.18551542991E+04 0.28385062483E+07
 0.24811000000E+03 0.92024223724E+03 0.55046329356E-03 0.19130629196E+04 0.18551730707E+04 0.28384964667E+07
 0.24826000000E+03 0.92022194842E+03 0.55843399803E-03 0.19141562222E+04 0.18551918900E+04 0.28384865129E+07
 0.24841000000E+03 0.92020164863E+03 0.56651006398E-03 0.19152496172E+04 0.18552107571E+04 0.28384763868E+07
 0.24856000000E+03 0.92018133789E+03 0.57469274466E-03 0.19163431041E+04 0.18552296720E+04 0.28384660883E+07
 0.24871000000E+03 0.92016101621E+03 0.58298330647E-03 0.19174366830E+04 0.18552486349E+04 0.28384556173E+07
 0.24886000000E+03 0.92014068359E+03 0.59138302906E-03 0.19185303536E+04 0.18552676456E+04 0.28384449737E+07
 0.24901000000E+03 0.92012034005E+03 0.59989320546E-03 0.19196241156E+04 0.18552867045E+04 0.28384341574E+07
 0.24916000000E+03 0.92009998559E+03 0.60851514222E-03 0.19207179689E+04 0.18553058114E+04 0.28384231684E+07
 0.24931000000E+03 0.92007962023E+03 0.61725015947E-03 0.19218119133E+04 0.18553249664E+04 0.28384120065E+07
 0.24946000000E+03 0.92005924397E+03 0.62609959111E-03 0.19229059487E+04 0.18553441696E+04 0.28384006716E+07
 0.24961000000E+03 0.92003885684E+03 0.63506478489E-03 0.19240000747E+04 0.18553634211E+04 0.28383891637E+07
 0.24976000000E+03 0.92001845882E+03 0.64414710255E-03 0.19250942912E+04 0.18553827209E+04 0.28383774826E+07
 0.24991000000E+03 0.91999804995E+03 0.65334791994E-03 0.19261885981E+04 0.18554020691E+04 0.28383656283E+07
 0.25006000000E+03 0.91997763022E+03 0.66266862714E-03 0.19272829951E+04 0.18554214657E+04 0.28383536006E+07
 0.25021000000E+03 0.91995719965E+03 0.67211062858E-03 0.19283774820E+04 0.18554409108E+04 0.28383413995E+07
 0.25036000000E+03 0.91993675825E+03 0.68167534319E-03 0.19294720587E+04 0.18554604044E+04 0.28383290248E+07
 0.25051000000E+03 0.91991630602E+03 0.69136420452E-03 0.19305667249E+04 0.18554799467E+04 0.28383164765E+07
 0.25066000000E+03 0.91989584299E+03 0.70117866082E-03 0.19316614805E+04 0.18554995376E+04 0.28383037544E+07
 0.25081000000E+03 0.91987536915E+03 0.71112017527E-03 0.19327563253E+04 0.18555191773E+04 0.28382908585E+07
 0.25096000000E+03 0.91985488451E+03 0.72119022600E-03 0.19338512590E+04 0.18555388657E+04 0.28382777887E+07
 0.25111000000E+03 0.91983438910E+03 0.73139030629E-03 0.19349462815E+04 0.18555586029E+04 0.28382645448E+07
 0.25126000000E+03 0.91981388291E+03 0.74172192469E-03 0.19360413926E+04 0.18555783891E+04 0.28382511267E+07
 0.25141000000E+03 0.91979336596E+03 0.75218660514E-03 0.19371365921E+04 0.18555982242E+04 0.28382375345E+07
 0.25156000000E+03 0.91977283826E+03 0.76278588711E-03 0.19382318798E+04 0.18556181083E+04 0.28382237678E+07
 0.25171000000E+03 0.91975229981E+03 0.77352132573E-03 0.19393272556E+04 0.18556380414E+04 0.28382098268E+07
 0.25186000000E+03 0.91973175064E+03 0.78439449194E-03 0.19404227192E+04 0.18556580237E+04 0.28381957111E+07
 0.25201000000E+03 0.91971119074E+03 0.79540697261E-03 0.19415182704E+04 0.18556780552E+04 0.28381814208E+07
 0.25216000000E+03 0.91969062013E+03 0.80656037068E-03 0.19426139091E+04 0.18556981358E+04 0.28381669558E+07
 0.25231000000E+03 0.91967003881E+03 0.81785630532E-03 0.19437096351E+04 0.18557182658E+04 0.28381523159E+07
 0.25246000000E+03 0.91964944681E+03 0.82929641204E-03 0.19448054481E+04 0.18557384451E+04 0.28381375010E+07
 0.25261000000E+03 0.91962884412E+03 0.84088234283E-03 0.19459013480E+04 0.18557586738E+04 0.28381225110E+07
 0.25276000000E+03 0.91960823076E+03 0.85261576635E-03 0.19469973347E+04 0.18557789520E+04 0.28381073458E+07
 0.25291000000E+03 0.91958760674E+03 0.86449836800E-03 0.19480934079E+04 0.18557992797E+04 0.28380920054E+07
 0.25306000000E+03 0.91956697206E+03 0.87653185012E-03 0.19491895674E+04 0.18558196569E+04 0.28380764896E+07
 0.25321000000E+03 0.91954632674E+03 0.88871793211E-03 0.19502858130E+04 0.18558400837E+04 0.28380607982E+07
 0.25336000000E+03 0.91952567079E+03 0.90105835058E-03 0.19513821447E+04 0.18558605603E+04 0.28380449313E+07
 0.25351000000E+03 0.91950500422E+03 0.91355485949E-03 0.19524785621E+04 0.18558810865E+04 0.28380288886E+07
 0.25366000000E+03 0.91948432703E+03 0.92620923032E-03 0.19535750651E+04 0.18559016625E+04 0.28380126701E+07
 0.25381000000E+03 0.91946363924E+03 0.93902325217E-03 0.19546716535E+04 0.18559222884E+04 0.28379962756E+07
 0.25396000000E+03 0.91944294086E+03 0.95199873197E-03 0.19557683271E+04 0.18559429642E+04 0.28379797051E+07
 0.25411000000E+03 0.91942223189E+03 0.96513749460E-03 0.19568650858E+04 0.18559636899E+04 0.28379629585E+07
 0.25426000000E+03 0.91940151235E+03 0.97844138302E-03 0.19579619293E+04 0.18559844656E+04 0.28379460356E+07
 0.25441000000E+03 0.91938078225E+03 0.99191225846E-03 0.19590588575E+04 0.18560052913E+04 0.28379289363E+07
 0.25456000000E+03 0.91936004159E+03 0.10055520006E-02 0.19601558702E+04 0.18560261671E+04 0.28379116605E+07
 0.25471000000E+03 0.91933929039E+03 0.10193625075E-02 0.19612529672E+04 0.18560470931E+04 0.28378942081E+07
 0.25486000000E+03 0.91931852865E+03 0.10333456962E-02 0.19623501483E+04 0.18560680694E+04 0.28378765789E+07
 0.25501000000E+03 0.91929775639E+03 0.10475035025E-02 0.19634474134E+04 0.18560890958E+04 0.28378587730E+07
 0.25516000000E+03 0.91927697361E+03 0.10618378812E-02 0.19645447622E+04 0.18561101726E+04 0.28378407901E+07
 0.25531000000E+03 0.91925618033E+03 0.10763508063E-02 0.19656421947E+04 0.18561312998E+04 0.28378226301E+07
 0.25546000000E+03 0.91923537655E+03 0.10910442711E-02 0.19667397105E+04 0.18561524773E+04 0.28378042930E+07
 0.25561000000E+03 0.91921456229E+03 0.11059202886E-02 0.19678373095E+04 0.18561737054E+04 0.28377857785E+07
 0.25576000000E+03 0.91919373755E+03 0.11209808912E-02 0.19689349916E+04 0.18561949840E+04 0.28377670867E+07
 0.25591000000E+03 0.91917290235E+03 0.11362281314E-02 0.19700327566E+04 0.18562163131E+04 0.28377482173E+07
 0.25606000000E+03 0.91915205669E+03 0.11516640816E-02 0.19711306042E+04 0.18562376929E+04 0.28377291703E+07
 0.25621000000E+03 0.91913120058E+03 0.11672908342E-02 0.19722285343E+04 0.18562591233E+04 0.28377099455E+07
 0.25636000000E+03 0.91911033403E+03 0.11831105021E-02 0.19733265468E+04 0.18562806045E+04 0.28376905429E+07
 0.25651000000E+03 0.91908945706E+03 0.11991252188E-02 0.19744246414E+04 0.18563021365E+04 0.28376709622E+07
 0.25666000000E+03 0.91906856967E+03 0.12153371383E-02 0.19755228180E+04 0.18563237192E+04 0.28376512035E+07
 0.25681000000E+03 0.91904767187E+03 0.12317484354E-02 0.19766210763E+04 0.18563453529E+04 0.28376312665E+07
 0.25696000000E+03 0.91902676368E+03 0.12483613059E-02 0.19777194163E+04 0.18563670375E+04 0.28376111511E+07
 0.25711000000E+03 0.91900584509E+03 0.12651779671E-02 0.19788178377E+04 0.18563887731E+04 0.28375908573E+07
 0.25726000000E+03 0.91898491613E+03 0.12822006572E-02 0.19799163404E+04 0.18564105597E+04 0.28375703848E+07
 0.25741000000E+03 0.91896397679E+03 0.12994316361E-02 0.19810149241E+04 0.18564323974E+04 0.28375497337E+07
 0.25756000000E+03 0.91894302710E+03 0.13168731856E-02 0.19821135888E+04 0.18564542862E+04 0.28375289037E+07
 0.25771000000E+03 0.91892206705E+03 0.13345276090E-02 0.19832123342E+04 0.18564762263E+04 0.28375078947E+07
 0.25786000000E+03 0.91890109667E+03 0.13523972320E-02 0.19843111601E+04 0.18564982175E+04 0.28374867066E+07
 0.25801000000E+03 0.91888011595E+03 0.13704844023E-02 0.19854100664E+04 0.18565202600E+04 0.28374653393E+07
 0.25816000000E+03 0.91885912491E+03 0.13887914901E-02 0.19865090529E+04 0.18565423539E+04 0.28374437927E+07
 0.25831000000E+03 0.91883812356E+03 0.14073208881E-02 0.19876081195E+04 0.18565644991E+04 0.28374220666E+07
 0.25846000000E+03 0.91881711190E+03 0.14260750120E-02 0.19887072659E+04 0.18565866958E+04 0.28374001610E+07
 0.25861000000E+03 0.91879608996E+03 0.14450563001E-02 0.19898064920E+04 0.18566089439E+04 0.28373780756E+07
 0.25876000000E+03 0.91877505773E+03 0.14642672142E-02 0.19909057976E+04 0.18566312436E+04 0.28373558103E+07
 0.25891000000E+03 0.91875401522E+03 0.14837102391E-02 0.19920051826E+04 0.18566535948E+04 0.28373333651E+07
 0.25906000000E+03 0.91873296245E+03 0.15033878834E-02 0.19931046467E+04 0.18566759977E+04 0.28373107398E+07
 0.25921000000E+03 0.91871189943E+03 0.15233026792E-02 0.19942041898E+04 0.18566984522E+04 0.28372879343E+07
 0.25936000000E+03 0.91869082616E+03 0.15434571826E-02 0.19953038117E+04 0.18567209584E+04 0.28372649484E+07
 0.25951000000E+03 0.91866974265E+03 0.15638539736E-02 0.19964035123E+04 0.18567435164E+04 0.28372417820E+07
 0.25966000000E+03 0.91864864892E+03 0.15844956567E-02 0.19975032913E+04 0.18567661263E+04 0.28372184350E+07
 0.25981000000E+03 0.91862754497E+03 0.16053848607E-02 0.19986031487E+04 0.18567887879E+04 0.28371949073E+07
 0.25996000000E+03 0.91860643081E+03 0.16265242391E-02 0.19997030842E+04 0.18568115015E+04 0.28371711986E+07
 0.26011000000E+03 0.91858530645E+03 0.16479164703E-02 0.20008030976E+04 0.18568342671E+04 0.28371473090E+07
 0.26026000000E+03 0.91856417191E+03 0.16695642576E-02 0.20019031889E+04 0.18568570846E+04 0.28371232382E+07
 0.26041000000E+03 0.91854302718E+03 0.16914703296E-02 0.20030033578E+04 0.18568799542E+04 0.28370989861E+07
 0.26056000000E+03 0.91852187229E+03 0.17136374404E-02 0.20041036041E+04 0.18569028758E+04 0.28370745526E+07
 0.26071000000E+03 0.91850070723E+03 0.17360683698E-02 0.20052039278E+04 0.18569258496E+04 0.28370499376E+07
 0.26086000000E+03 0.91847953202E+03 0.17587659232E-02 0.20063043285E+04 0.18569488756E+04 0.28370251409E+07
 0.26101000000E+03 0.91845834667E+03 0.17817329323E-02 0.20074048062E+04 0.18569719539E+04 0.28370001624E+07
 0.26116000000E+03 0.91843715119E+03 0.18049722548E-02 0.20085053607E+04 0.18569950844E+04 0.28369750019E+07
 0.26131000000E+03 0.91841594558E+03 0.18284867750E-02 0.20096059918E+04 0.18570182672E+04 0.28369496593E+07
 0.26146000000E+03 0.91839472986E+03 0.18522794039E-02 0.20107066994E+04 0.18570415024E+04 0.28369241345E+07
 0.26161000000E+03 0.91837350404E+03 0.18763530792E-02 0.20118074832E+04 0.18570647899E+04 0.28368984274E+07
 0.26176000000E+03 0.91835226812E+03 0.19007107659E-02 0.20129083432E+04 0.18570881300E+04 0.28368725377E+07
 0.26191000000E+03 0.91833102211E+03 0.19253554559E-02 0.20140092791E+04 0.18571115225E+04 0.28368464654E+07
 0.26206000000E+03 0.91830976603E+03 0.19502901690E-02 0.20151102908E+04 0.18571349676E+04 0.28368202103E+07
 0.26221000000E+03 0.91828849988E+03 0.19755179525E-02 0.20162113781E+04 0.18571584653E+04 0.28367937723E+07
 0.26236000000E+03 0.91826722367E+03 0.20010418816E-02 0.20173125409E+04 0.18571820156E+04 0.28367671512E+07
 0.26251000000E+03 0.91824593741E+03 0.20268650597E-02 0.20184137790E+04 0.18572056186E+04 0.28367403469E+07
 0.26266000000E+03 0.91822464111E+03 0.20529906185E-02 0.20195150921E+04 0.18572292743E+04 0.28367133593E+07
 0.26281000000E+03 0.91820333478E+03 0.20794217183E-02 0.20206164803E+04 0.18572529828E+04 0.28366861882E+07
 0.26296000000E+03 0.91818201843E+03 0.21061615481E-02 0.20217179432E+04 0.18572767441E+04 0.28366588334E+07
 0.26311000000E+03 0.91816069206E+03 0.21332133260E-02 0.20228194808E+04 0.18573005582E+04 0.28366312949E+07
 0.26326000000E+03 0.91813935570E+03 0.21605802993E-02 0.20239210929E+04 0.18573244253E+04 0.28366035724E+07
 0.26341000000E+03 0.91811800934E+03 0.21882657448E-02 0.20250227792E+04 0.18573483452E+04 0.28365756659E+07
 0.26356000000E+03 0.91809665300E+03 0.22162729687E-02 0.20261245397E+04 0.18573723182E+04 0.28365475752E+07
 0.26371000000E+03 0.91807528668E+03 0.22446053075E-02 0.20272263742E+04 0.18573963442E+04 0.28365193001E+07
 0.26386000000E+03 0.91805391039E+03 0.22732661275E-02 0.20283282825E+04 0.18574204232E+04 0.28364908405E+07
 0.26401000000E+03 0.91803252415E+03 0.23022588256E-02 0.20294302645E+04 0.18574445553E+04 0.28364621963E+07
 0.26416000000E+03 0.91801112796E+03 0.23315868289E-02 0.20305323200E+04 0.18574687406E+04 0.28364333672E+07
 0.26431000000E+03 0.91798972183E+03 0.23612535958E-02 0.20316344488E+04 0.18574929791E+04 0.28364043532E+07
 0.26446000000E+03 0.91796830577E+03 0.23912626154E-02 0.20327366507E+04 0.18575172708E+04 0.28363751541E+07
 0.26461000000E+03 0.91794687979E+03 0.24216174081E-02 0.20338389258E+04 0.18575416158E+04 0.28363457698E+07
 0.26476000000E+03 0.91792544390E+03 0.24523215259E-02 0.20349412736E+04 0.18575660141E+04 0.28363162000E+07
 0.26491000000E+03 0.91790399811E+03 0.24833785526E-02 0.20360436942E+04 0.18575904658E+04 0.28362864447E+07
 0.26506000000E+03 0.91788254242E+03 0.25147921039E-02 0.20371461873E+04 0.18576149708E+04 0.28362565037E+07
 0.26521000000E+03 0.91786107685E+03 0.25465658277E-02 0.20382487528E+04 0.18576395293E+04 0.28362263769E+07
 0.26536000000E+03 0.91783960140E+03 0.25787034043E-02 0.20393513905E+04 0.18576641413E+04 0.28361960640E+07
 0.26551000000E+03 0.91781811609E+03 0.26112085469E-02 0.20404541003E+04 0.18576888067E+04 0.28361655650E+07
 0.26566000000E+03 0.91779662092E+03 0.26440850015E-02 0.20415568819E+04 0.18577135258E+04 0.28361348796E+07
 0.26581000000E+03 0.91777511591E+03 0.26773365473E-02 0.20426597354E+04 0.18577382984E+04 0.28361040078E+07
 0.26596000000E+03 0.91775360105E+03 0.27109669970E-02 0.20437626604E+04 0.18577631247E+04 0.28360729494E+07
 0.26611000000E+03 0.91773207637E+03 0.27449801969E-02 0.20448656568E+04 0.18577880046E+04 0.28360417041E+07
 0.26626000000E+03 0.91771054186E+03 0.27793800273E-02 0.20459687246E+04 0.18578129383E+04 0.28360102720E+07
 0.26641000000E+03 0.91768899754E+03 0.28141704027E-02 0.20470718634E+04 0.18578379257E+04 0.28359786527E+07
 0.26656000000E+03 0.91766744342E+03 0.28493552720E-02 0.20481750733E+04 0.18578629670E+04 0.28359468461E+07
 0.26671000000E+03 0.91764587951E+03 0.28849386187E-02 0.20492783539E+04 0.18578880620E+04 0.28359148522E+07
 0.26686000000E+03 0.91762430581E+03 0.29209244613E-02 0.20503817052E+04 0.18579132109E+04 0.28358826706E+07
 0.26701000000E+03 0.91760272234E+03 0.29573168537E-02 0.20514851270E+04 0.18579384138E+04 0.28358503014E+07
 0.26716000000E+03 0.91758112909E+03 0.29941198848E-02 0.20525886192E+04 0.18579636706E+04 0.28358177442E+07
 0.26731000000E+03 0.91755952609E+03 0.30313376798E-02 0.20536921815E+04 0.18579889813E+04 0.28357849990E+07
 0.26746000000E+03 0.91753791334E+03 0.30689743993E-02 0.20547958139E+04 0.18580143461E+04 0.28357520655E+07
 0.26761000000E+03 0.91751629086E+03 0.31070342405E-02 0.20558995162E+04 0.18580397650E+04 0.28357189437E+07
 0.26776000000E+03 0.91749465864E+03 0.31455214370E-02 0.20570032882E+04 0.18580652379E+04 0.28356856333E+07
 0.26791000000E+03 0.91747301669E+03 0.31844402591E-02 0.20581071298E+04 0.18580907650E+04 0.28356521342E+07
 0.26806000000E+03 0.91745136504E+03 0.32237950142E-02 0.20592110408E+04 0.18581163463E+04 0.28356184462E+07
 0.26821000000E+03 0.91742970368E+03 0.32635900471E-02 0.20603150211E+04 0.18581419818E+04 0.28355845692E+07
 0.26836000000E+03 0.91740803262E+03 0.33038297399E-02 0.20614190705E+04 0.18581676715E+04 0.28355505029E+07
 0.26851000000E+03 0.91738635188E+03 0.33445185127E-02 0.20625231889E+04 0.18581934155E+04 0.28355162473E+07
 0.26866000000E+03 0.91736466146E+03 0.33856608238E-02 0.20636273761E+04 0.18582192139E+04 0.28354818021E+07
 0.26881000000E+03 0.91734296137E+03 0.34272611697E-02 0.20647316320E+04 0.18582450666E+04 0.28354471672E+07
 0.26896000000E+03 0.91732125162E+03 0.34693240856E-02 0.20658359563E+04 0.18582709737E+04 0.28354123425E+07
 0.26911000000E+03 0.91729953222E+03 0.35118541457E-02 0.20669403491E+04 0.18582969352E+04 0.28353773276E+07
 0.26926000000E+03 0.91727780317E+03 0.35548559634E-02 0.20680448101E+04 0.18583229512E+04 0.28353421226E+07
 0.26941000000E+03 0.91725606450E+03 0.35983341916E-02 0.20691493392E+04 0.18583490217E+04 0.28353067271E+07
 0.26956000000E+03 0.91723431619E+03 0.36422935229E-02 0.20702539361E+04 0.18583751467E+04 0.28352711411E+07
 0.26971000000E+03 0.91721255828E+03 0.36867386900E-02 0.20713586009E+04 0.18584013263E+04 0.28352353643E+07
 0.26986000000E+03 0.91719079075E+03 0.37316744660E-02 0.20724633333E+04 0.18584275605E+04 0.28351993967E+07
 0.27001000000E+03 0.91716901363E+03 0.37771056645E-02 0.20735681331E+04 0.18584538494E+04 0.28351632379E+07
 0.27016000000E+03 0.91714722691E+03 0.38230371402E-02 0.20746730003E+04 0.18584801929E+04 0.28351268879E+07
 0.27031000000E+03 0.91712543062E+03 0.38694737888E-02 0.20757779347E+04 0.18585065911E+04 0.28350903464E+07
 0.27046000000E+03 0.91710362475E+03 0.39164205475E-02 0.20768829360E+04 0.18585330441E+04 0.28350536133E+07
 0.27061000000E+03 0.91708180932E+03 0.39638823956E-02 0.20779880043E+04 0.18585595518E+04 0.28350166884E+07
 0.27076000000E+03 0.91705998433E+03 0.40118643541E-02 0.20790931393E+04 0.18585861144E+04 0.28349795715E+07
 0.27091000000E+03 0.91703814980E+03 0.40603714866E-02 0.20801983409E+04 0.18586127318E+04 0.28349422625E+07
 0.27106000000E+03 0.91701630573E+03 0.41094088992E-02 0.20813036090E+04 0.18586394041E+04 0.28349047612E+07
 0.27121000000E+03 0.91699445213E+03 0.41589817412E-02 0.20824089433E+04 0.18586661313E+04 0.28348670673E+07
 0.27136000000E+03 0.91697258902E+03 0.42090952050E-02 0.20835143438E+04 0.18586929135E+04 0.28348291808E+07
 0.27151000000E+03 0.91695071639E+03 0.42597545267E-02 0.20846198104E+04 0.18587197506E+04 0.28347911014E+07
 0.27166000000E+03 0.91692883426E+03 0.43109649861E-02 0.20857253427E+04 0.18587466428E+04 0.28347528289E+07
 0.27181000000E+03 0.91690694263E+03 0.43627319074E-02 0.20868309408E+04 0.18587735899E+04 0.28347143632E+07
 0.27196000000E+03 0.91688504152E+03 0.44150606590E-02 0.20879366045E+04 0.18588005922E+04 0.28346757040E+07
 0.27211000000E+03 0.91686313093E+03 0.44679566545E-02 0.20890423336E+04 0.18588276496E+04 0.28346368513E+07
 0.27226000000E+03 0.91684121088E+03 0.45214253523E-02 0.20901481280E+04 0.18588547621E+04 0.28345978048E+07
 0.27241000000E+03 0.91681928136E+03 0.45754722562E-02 0.20912539876E+04 0.18588819298E+04 0.28345585642E+07
 0.27256000000E+03 0.91679734240E+03 0.46301029160E-02 0.20923599121E+04 0.18589091527E+04 0.28345191296E+07
 0.27271000000E+03 0.91677539399E+03 0.46853229273E-02 0.20934659015E+04 0.18589364308E+04 0.28344795005E+07
 0.27286000000E+03 0.91675343615E+03 0.47411379322E-02 0.20945719557E+04 0.18589637642E+04 0.28344396770E+07
 0.27301000000E+03 0.91673146888E+03 0.47975536195E-02 0.20956780744E+04 0.18589911529E+04 0.28343996587E+07
 0.27316000000E+03 0.91670949220E+03 0.48545757248E-02 0.20967842575E+04 0.18590185969E+04 0.28343594454E+07
