 0.23371000000E+03 0.96119528002E+03 0.18551907971E-03 0.12501076550E+05 0.18535792315E+04 0.26123416381E+07
 0.23386000000E+03 0.96243262443E+03 0.18830220689E-03 0.94869366320E+04 0.18535937648E+04 0.26110155521E+07
 0.23401000000E+03 0.96335781932E+03 0.19112203896E-03 0.83243963457E+04 0.18536083395E+04 0.26099666788E+07
 0.23416000000E+03 0.96413571370E+03 0.19397920285E-03 0.76715662008E+04 0.18536229557E+04 0.26090480787E+07
 0.23431000000E+03 0.96482360315E+03 0.19687423987E-03 0.72429728269E+04 0.18536376133E+04 0.26082087298E+07
 0.23446000000E+03 0.96544943271E+03 0.19980765954E-03 0.69358279189E+04 0.18536523125E+04 0.26074237752E+07
 0.23461000000E+03 0.96602928271E+03 0.20277995706E-03 0.67028991135E+04 0.18536670534E+04 0.26066789306E+07
 0.23476000000E+03 0.96657338635E+03 0.20579162104E-03 0.65190707863E+04 0.18536818360E+04 0.26059651195E+07
 0.23491000000E+03 0.96708871572E+03 0.20884313741E-03 0.63696075961E+04 0.18536966604E+04 0.26052761682E+07
 0.23506000000E+03 0.96758026166E+03 0.21193499179E-03 0.62452273472E+04 0.18537115267E+04 0.26046076656E+07
 0.23521000000E+03 0.96805173297E+03 0.21506767090E-03 0.61397591759E+04 0.18537264350E+04 0.26039563399E+07
 0.23536000000E+03 0.96850596767E+03 0.21824166352E-03 0.60489234813E+04 0.18537413852E+04 0.26033196925E+07
 0.23551000000E+03 0.96894518912E+03 0.22145746112E-03 0.59696495139E+04 0.18537563776E+04 0.26026957702E+07
 0.23566000000E+03 0.96937117301E+03 0.22471555841E-03 0.58996714297E+04 0.18537714121E+04 0.26020830163E+07
 0.23581000000E+03 0.96978536043E+03 0.22801645366E-03 0.58372778260E+04 0.18537864888E+04 0.26014801700E+07
 0.23596000000E+03 0.97018893686E+03 0.23136064897E-03 0.57811503133E+04 0.18538016079E+04 0.26008861962E+07
 0.23611000000E+03 0.97058288888E+03 0.23474865053E-03 0.57302559989E+04 0.18538167693E+04 0.26003002352E+07
 0.23626000000E+03 0.97096804576E+03 0.23818096879E-03 0.56837738286E+04 0.18538319732E+04 0.25997215657E+07
 0.23641000000E+03 0.97134511071E+03 0.24165811861E-03 0.56410428689E+04 0.18538472196E+04 0.25991495769E+07
 0.23656000000E+03 0.97171468462E+03 0.24518061938E-03 0.56015252037E+04 0.18538625085E+04 0.25985837476E+07
 0.23671000000E+03 0.97207728448E+03 0.24874899517E-03 0.55647788031E+04 0.18538778402E+04 0.25980236300E+07
 0.23686000000E+03 0.97243335786E+03 0.25236377479E-03 0.55304373416E+04 0.18538932146E+04 0.25974688365E+07
 0.23701000000E+03 0.97278329441E+03 0.25602549190E-03 0.54981949551E+04 0.18539086318E+04 0.25969190298E+07
 0.23716000000E+03 0.97312743508E+03 0.25973468510E-03 0.54677945667E+04 0.18539240918E+04 0.25963739149E+07
 0.23731000000E+03 0.97346607962E+03 0.26349189798E-03 0.54390188329E+04 0.18539395948E+04 0.25958332321E+07
 0.23746000000E+03 0.97379949278E+03 0.26729767923E-03 0.54116830409E+04 0.18539551408E+04 0.25952967518E+07
 0.23761000000E+03 0.97412790934E+03 0.27115258266E-03 0.53856294772E+04 0.18539707300E+04 0.25947642701E+07
 0.23776000000E+03 0.97445153836E+03 0.27505716731E-03 0.53607229198E+04 0.18539863622E+04 0.25942356050E+07
 0.23791000000E+03 0.97477056671E+03 0.27901199746E-03 0.53368469974E+04 0.18540020377E+04 0.25937105933E+07
 0.23806000000E+03 0.97508516210E+03 0.28301764275E-03 0.53139012248E+04 0.18540177565E+04 0.25931890881E+07
 0.23821000000E+03 0.97539547554E+03 0.28707467817E-03 0.52917985700E+04 0.18540335186E+04 0.25926709564E+07
 0.23836000000E+03 0.97570164358E+03 0.29118368416E-03 0.52704634444E+04 0.18540493242E+04 0.25921560776E+07
 0.23851000000E+03 0.97600379008E+03 0.29534524665E-03 0.52498300312E+04 0.18540651733E+04 0.25916443416E+07
 0.23866000000E+03 0.97630202785E+03 0.29955995709E-03 0.52298408875E+04 0.18540810659E+04 0.25911356473E+07
 0.23881000000E+03 0.97659646002E+03 0.30382841256E-03 0.52104457680E+04 0.18540970022E+04 0.25906299021E+07
 0.23896000000E+03 0.97688718117E+03 0.30815121574E-03 0.51916006312E+04 0.18541129822E+04 0.25901270200E+07
 0.23911000000E+03 0.97717427843E+03 0.31252897502E-03 0.51732667948E+04 0.18541290060E+04 0.25896269216E+07
 0.23926000000E+03 0.97745783231E+03 0.31696230453E-03 0.51554102164E+04 0.18541450737E+04 0.25891295326E+07
 0.23941000000E+03 0.97773791752E+03 0.32145182419E-03 0.51380008772E+04 0.18541611852E+04 0.25886347839E+07
 0.23956000000E+03 0.97801460363E+03 0.32599815975E-03 0.51210122531E+04 0.18541773408E+04 0.25881426102E+07
 0.23971000000E+03 0.97828795569E+03 0.33060194283E-03 0.51044208587E+04 0.18541935404E+04 0.25876529502E+07
 0.23986000000E+03 0.97855803471E+03 0.33526381102E-03 0.50882058540E+04 0.18542097841E+04 0.25871657459E+07
 0.24001000000E+03 0.97882489817E+03 0.33998440784E-03 0.50723487031E+04 0.18542260720E+04 0.25866809422E+07
 0.24016000000E+03 0.97908860037E+03 0.34476438288E-03 0.50568328795E+04 0.18542424042E+04 0.25861984867E+07
 0.24031000000E+03 0.97934919281E+03 0.34960439177E-03 0.50416436080E+04 0.18542587807E+04 0.25857183292E+07
 0.24046000000E+03 0.97960672452E+03 0.35450509628E-03 0.50267676420E+04 0.18542752016E+04 0.25852404217E+07
 0.24061000000E+03 0.97986124227E+03 0.35946716434E-03 0.50121930682E+04 0.18542916669E+04 0.25847647182E+07
 0.24076000000E+03 0.98011279090E+03 0.36449127010E-03 0.49979091367E+04 0.18543081768E+04 0.25842911741E+07
 0.24091000000E+03 0.98036141343E+03 0.36957809396E-03 0.49839061126E+04 0.18543247313E+04 0.25838197466E+07
 0.24106000000E+03 0.98060715132E+03 0.37472832264E-03 0.49701751463E+04 0.18543413304E+04 0.25833503942E+07
 0.24121000000E+03 0.98085004461E+03 0.37994264922E-03 0.49567081606E+04 0.18543579743E+04 0.25828830767E+07
 0.24136000000E+03 0.98109013205E+03 0.38522177316E-03 0.49434977514E+04 0.18543746630E+04 0.25824177550E+07
 0.24151000000E+03 0.98132745126E+03 0.39056640039E-03 0.49305371014E+04 0.18543913965E+04 0.25819543910E+07
 0.24166000000E+03 0.98156203879E+03 0.39597724335E-03 0.49178199048E+04 0.18544081750E+04 0.25814929478E+07
 0.24181000000E+03 0.98179393026E+03 0.40145502099E-03 0.49053403010E+04 0.18544249985E+04 0.25810333893E+07
 0.24196000000E+03 0.98202316042E+03 0.40700045890E-03 0.48930928176E+04 0.18544418670E+04 0.25805756801E+07
 0.24211000000E+03 0.98224976325E+03 0.41261428926E-03 0.48810723200E+04 0.18544587807E+04 0.25801197859E+07
 0.24226000000E+03 0.98247377200E+03 0.41829725099E-03 0.48692739677E+04 0.18544757396E+04 0.25796656729E+07
 0.24241000000E+03 0.98269521924E+03 0.42405008972E-03 0.48576931767E+04 0.18544927437E+04 0.25792133081E+07
 0.24256000000E+03 0.98291413694E+03 0.42987355788E-03 0.48463255864E+04 0.18545097932E+04 0.25787626591E+07
 0.24271000000E+03 0.98313055650E+03 0.43576841472E-03 0.48351670310E+04 0.18545268880E+04 0.25783136943E+07
 0.24286000000E+03 0.98334450877E+03 0.44173542640E-03 0.48242135147E+04 0.18545440283E+04 0.25778663826E+07
 0.24301000000E+03 0.98355602411E+03 0.44777536599E-03 0.48134611906E+04 0.18545612142E+04 0.25774206934E+07
 0.24316000000E+03 0.98376513240E+03 0.45388901356E-03 0.48029063424E+04 0.18545784456E+04 0.25769765969E+07
 0.24331000000E+03 0.98397186307E+03 0.46007715621E-03 0.47925453680E+04 0.18545957227E+04 0.25765340636E+07
 0.24346000000E+03 0.98417624512E+03 0.46634058813E-03 0.47823747669E+04 0.18546130455E+04 0.25760930646E+07
 0.24361000000E+03 0.98437830715E+03 0.47268011061E-03 0.47723911277E+04 0.18546304141E+04 0.25756535718E+07
 0.24376000000E+03 0.98457807733E+03 0.47909653218E-03 0.47625911190E+04 0.18546478286E+04 0.25752155571E+07
 0.24391000000E+03 0.98477558350E+03 0.48559066855E-03 0.47529714808E+04 0.18546652889E+04 0.25747789934E+07
 0.24406000000E+03 0.98497085309E+03 0.49216334274E-03 0.47435290173E+04 0.18546827953E+04 0.25743438537E+07
 0.24421000000E+03 0.98516391318E+03 0.49881538512E-03 0.47342605913E+04 0.18547003477E+04 0.25739101116E+07
 0.24436000000E+03 0.98535479050E+03 0.50554763341E-03 0.47251631189E+04 0.18547179462E+04 0.25734777413E+07
 0.24451000000E+03 0.98554351144E+03 0.51236093281E-03 0.47162335660E+04 0.18547355908E+04 0.25730467173E+07
 0.24466000000E+03 0.98573010205E+03 0.51925613597E-03 0.47074689444E+04 0.18547532817E+04 0.25726170145E+07
 0.24481000000E+03 0.98591458805E+03 0.52623410311E-03 0.46988663093E+04 0.18547710189E+04 0.25721886086E+07
 0.24496000000E+03 0.98609699482E+03 0.53329570203E-03 0.46904227570E+04 0.18547888025E+04 0.25717614752E+07
 0.24511000000E+03 0.98627734743E+03 0.54044180819E-03 0.46821354233E+04 0.18548066325E+04 0.25713355908E+07
 0.24526000000E+03 0.98645567063E+03 0.54767330473E-03 0.46740014819E+04 0.18548245090E+04 0.25709109320E+07
 0.24541000000E+03 0.98663198886E+03 0.55499108256E-03 0.46660181436E+04 0.18548424320E+04 0.25704874761E+07
 0.24556000000E+03 0.98680632621E+03 0.56239604038E-03 0.46581826553E+04 0.18548604017E+04 0.25700652006E+07
 0.24571000000E+03 0.98697870652E+03 0.56988908476E-03 0.46504922993E+04 0.18548784180E+04 0.25696440836E+07
 0.24586000000E+03 0.98714915327E+03 0.57747113017E-03 0.46429443935E+04 0.18548964811E+04 0.25692241033E+07
 0.24601000000E+03 0.98731768966E+03 0.58514309905E-03 0.46355362904E+04 0.18549145909E+04 0.25688052387E+07
 0.24616000000E+03 0.98748433857E+03 0.59290592188E-03 0.46282653774E+04 0.18549327477E+04 0.25683874688E+07
 0.24631000000E+03 0.98764912261E+03 0.60076053717E-03 0.46211290766E+04 0.18549509513E+04 0.25679707733E+07
 0.24646000000E+03 0.98781206405E+03 0.60870789161E-03 0.46141248450E+04 0.18549692020E+04 0.25675551321E+07
 0.24661000000E+03 0.98797318490E+03 0.61674894002E-03 0.46072501745E+04 0.18549874997E+04 0.25671405256E+07
 0.24676000000E+03 0.98813250684E+03 0.62488464551E-03 0.46005025917E+04 0.18550058445E+04 0.25667269344E+07
 0.24691000000E+03 0.98829005128E+03 0.63311597944E-03 0.45938796586E+04 0.18550242365E+04 0.25663143398E+07
 0.24706000000E+03 0.98844583934E+03 0.64144392154E-03 0.45873789721E+04 0.18550426758E+04 0.25659027230E+07
 0.24721000000E+03 0.98859989184E+03 0.64986945995E-03 0.45809981646E+04 0.18550611623E+04 0.25654920660E+07
 0.24736000000E+03 0.98875222932E+03 0.65839359125E-03 0.45747349041E+04 0.18550796962E+04 0.25650823508E+07
 0.24751000000E+03 0.98890287202E+03 0.66701732056E-03 0.45685868939E+04 0.18550982775E+04 0.25646735600E+07
 0.24766000000E+03 0.98905183992E+03 0.67574166156E-03 0.45625518733E+04 0.18551169063E+04 0.25642656763E+07
 0.24781000000E+03 0.98919915271E+03 0.68456763656E-03 0.45566276172E+04 0.18551355826E+04 0.25638586831E+07
 0.24796000000E+03 0.98934482979E+03 0.69349627657E-03 0.45508119361E+04 0.18551543066E+04 0.25634525638E+07
 0.24811000000E+03 0.98948889031E+03 0.70252862131E-03 0.45451026768E+04 0.18551730782E+04 0.25630473022E+07
 0.24826000000E+03 0.98963135313E+03 0.71166571935E-03 0.45394977214E+04 0.18551918975E+04 0.25626428826E+07
 0.24841000000E+03 0.98977223684E+03 0.72090862808E-03 0.45339949881E+04 0.18552107646E+04 0.25622392893E+07
 0.24856000000E+03 0.98991155977E+03 0.73025841382E-03 0.45285924306E+04 0.18552296795E+04 0.25618365071E+07
 0.24871000000E+03 0.99004933998E+03 0.73971615188E-03 0.45232880385E+04 0.18552486424E+04 0.25614345212E+07
 0.24886000000E+03 0.99018559526E+03 0.74928292658E-03 0.45180798365E+04 0.18552676532E+04 0.25610333169E+07
 0.24901000000E+03 0.99032034315E+03 0.75895983135E-03 0.45129658848E+04 0.18552867120E+04 0.25606328799E+07
 0.24916000000E+03 0.99045360094E+03 0.76874796876E-03 0.45079442789E+04 0.18553058189E+04 0.25602331962E+07
 0.24931000000E+03 0.99058538565E+03 0.77864845060E-03 0.45030131488E+04 0.18553249739E+04 0.25598342520E+07
 0.24946000000E+03 0.99071571406E+03 0.78866239792E-03 0.44981706596E+04 0.18553441772E+04 0.25594360338E+07
 0.24961000000E+03 0.99084460270E+03 0.79879094111E-03 0.44934150105E+04 0.18553634287E+04 0.25590385285E+07
 0.24976000000E+03 0.99097206785E+03 0.80903521994E-03 0.44887444351E+04 0.18553827285E+04 0.25586417231E+07
 0.24991000000E+03 0.99109812555E+03 0.81939638363E-03 0.44841572007E+04 0.18554020767E+04 0.25582456049E+07
 0.25006000000E+03 0.99122279161E+03 0.82987559092E-03 0.44796516081E+04 0.18554214733E+04 0.25578501616E+07
 0.25021000000E+03 0.99134608159E+03 0.84047401012E-03 0.44752259912E+04 0.18554409184E+04 0.25574553809E+07
 0.25036000000E+03 0.99146801083E+03 0.85119281915E-03 0.44708787167E+04 0.18554604121E+04 0.25570612510E+07
 0.25051000000E+03 0.99158859443E+03 0.86203320565E-03 0.44666081839E+04 0.18554799543E+04 0.25566677601E+07
 0.25066000000E+03 0.99170784727E+03 0.87299636699E-03 0.44624128238E+04 0.18554995453E+04 0.25562748969E+07
 0.25081000000E+03 0.99182578400E+03 0.88408351038E-03 0.44582910994E+04 0.18555191849E+04 0.25558826502E+07
 0.25096000000E+03 0.99194241905E+03 0.89529585288E-03 0.44542415045E+04 0.18555388733E+04 0.25554910089E+07
 0.25111000000E+03 0.99205776664E+03 0.90663462151E-03 0.44502625638E+04 0.18555586106E+04 0.25550999624E+07
 0.25126000000E+03 0.99217184078E+03 0.91810105329E-03 0.44463528326E+04 0.18555783967E+04 0.25547095001E+07
 0.25141000000E+03 0.99228465525E+03 0.92969639529E-03 0.44425108956E+04 0.18555982318E+04 0.25543196116E+07
 0.25156000000E+03 0.99239622363E+03 0.94142190471E-03 0.44387353672E+04 0.18556181159E+04 0.25539302870E+07
 0.25171000000E+03 0.99250655930E+03 0.95327884895E-03 0.44350248909E+04 0.18556380491E+04 0.25535415162E+07
 0.25186000000E+03 0.99261567543E+03 0.96526850567E-03 0.44313781383E+04 0.18556580314E+04 0.25531532895E+07
 0.25201000000E+03 0.99272358501E+03 0.97739216281E-03 0.44277938094E+04 0.18556780629E+04 0.25527655976E+07
 0.25216000000E+03 0.99283030080E+03 0.98965111872E-03 0.44242706316E+04 0.18556981435E+04 0.25523784310E+07
 0.25231000000E+03 0.99293583540E+03 0.10020466822E-02 0.44208073593E+04 0.18557182735E+04 0.25519917807E+07
 0.25246000000E+03 0.99304020121E+03 0.10145801725E-02 0.44174027739E+04 0.18557384528E+04 0.25516056377E+07
 0.25261000000E+03 0.99314341043E+03 0.10272529196E-02 0.44140556825E+04 0.18557586815E+04 0.25512199933E+07
 0.25276000000E+03 0.99324547509E+03 0.10400662639E-02 0.44107649180E+04 0.18557789597E+04 0.25508348388E+07
 0.25291000000E+03 0.99334640704E+03 0.10530215566E-02 0.44075293388E+04 0.18557992874E+04 0.25504501660E+07
 0.25306000000E+03 0.99344621793E+03 0.10661201598E-02 0.44043478275E+04 0.18558196646E+04 0.25500659664E+07
 0.25321000000E+03 0.99354491927E+03 0.10793634461E-02 0.44012192914E+04 0.18558400915E+04 0.25496822322E+07
 0.25336000000E+03 0.99364252237E+03 0.10927527994E-02 0.43981426614E+04 0.18558605680E+04 0.25492989553E+07
 0.25351000000E+03 0.99373903837E+03 0.11062896143E-02 0.43951168917E+04 0.18558810942E+04 0.25489161280E+07
 0.25366000000E+03 0.99383447827E+03 0.11199752965E-02 0.43921409595E+04 0.18559016703E+04 0.25485337428E+07
 0.25381000000E+03 0.99392885287E+03 0.11338112628E-02 0.43892138644E+04 0.18559222961E+04 0.25481517921E+07
 0.25396000000E+03 0.99402217283E+03 0.11477989412E-02 0.43863346278E+04 0.18559429719E+04 0.25477702688E+07
 0.25411000000E+03 0.99411444866E+03 0.11619397708E-02 0.43835022928E+04 0.18559636976E+04 0.25473891655E+07
 0.25426000000E+03 0.99420569068E+03 0.11762352021E-02 0.43807159234E+04 0.18559844733E+04 0.25470084755E+07
 0.25441000000E+03 0.99429590909E+03 0.11906866970E-02 0.43779746044E+04 0.18560052990E+04 0.25466281916E+07
 0.25456000000E+03 0.99438511392E+03 0.12052957288E-02 0.43752774407E+04 0.18560261748E+04 0.25462483073E+07
 0.25471000000E+03 0.99447331505E+03 0.12200637823E-02 0.43726235571E+04 0.18560471008E+04 0.25458688160E+07
 0.25486000000E+03 0.99456052224E+03 0.12349923537E-02 0.43700120976E+04 0.18560680770E+04 0.25454897111E+07
 0.25501000000E+03 0.99464674508E+03 0.12500829512E-02 0.43674422253E+04 0.18560891035E+04 0.25451109863E+07
 0.25516000000E+03 0.99473199301E+03 0.12653370943E-02 0.43649131218E+04 0.18561101803E+04 0.25447326354E+07
 0.25531000000E+03 0.99481627537E+03 0.12807563146E-02 0.43624239866E+04 0.18561313074E+04 0.25443546524E+07
 0.25546000000E+03 0.99489960132E+03 0.12963421553E-02 0.43599740374E+04 0.18561524850E+04 0.25439770311E+07
 0.25561000000E+03 0.99498197993E+03 0.13120961717E-02 0.43575625089E+04 0.18561737130E+04 0.25435997659E+07
 0.25576000000E+03 0.99506342009E+03 0.13280199310E-02 0.43551886529E+04 0.18561949916E+04 0.25432228508E+07
 0.25591000000E+03 0.99514393060E+03 0.13441150124E-02 0.43528517377E+04 0.18562163207E+04 0.25428462803E+07
 0.25606000000E+03 0.99522352011E+03 0.13603830072E-02 0.43505510481E+04 0.18562377005E+04 0.25424700489E+07
 0.25621000000E+03 0.99530219715E+03 0.13768255191E-02 0.43482858844E+04 0.18562591309E+04 0.25420941510E+07
 0.25636000000E+03 0.99537997014E+03 0.13934441638E-02 0.43460555626E+04 0.18562806121E+04 0.25417185815E+07
 0.25651000000E+03 0.99545684737E+03 0.14102405696E-02 0.43438594140E+04 0.18563021440E+04 0.25413433351E+07
 0.25666000000E+03 0.99553283699E+03 0.14272163768E-02 0.43416967844E+04 0.18563237268E+04 0.25409684066E+07
 0.25681000000E+03 0.99560794707E+03 0.14443732386E-02 0.43395670344E+04 0.18563453604E+04 0.25405937910E+07
 0.25696000000E+03 0.99568218554E+03 0.14617128206E-02 0.43374695385E+04 0.18563670450E+04 0.25402194835E+07
 0.25711000000E+03 0.99575556022E+03 0.14792368008E-02 0.43354036853E+04 0.18563887806E+04 0.25398454791E+07
 0.25726000000E+03 0.99582807883E+03 0.14969468702E-02 0.43333688766E+04 0.18564105672E+04 0.25394717731E+07
 0.25741000000E+03 0.99589974898E+03 0.15148447324E-02 0.43313645276E+04 0.18564324049E+04 0.25390983609E+07
 0.25756000000E+03 0.99597057815E+03 0.15329321038E-02 0.43293900665E+04 0.18564542937E+04 0.25387252379E+07
 0.25771000000E+03 0.99604057375E+03 0.15512107138E-02 0.43274449339E+04 0.18564762337E+04 0.25383523997E+07
 0.25786000000E+03 0.99610974305E+03 0.15696823047E-02 0.43255285828E+04 0.18564982249E+04 0.25379798417E+07
 0.25801000000E+03 0.99617809325E+03 0.15883486320E-02 0.43236404783E+04 0.18565202674E+04 0.25376075597E+07
 0.25816000000E+03 0.99624563143E+03 0.16072114640E-02 0.43217800971E+04 0.18565423613E+04 0.25372355495E+07
 0.25831000000E+03 0.99631236458E+03 0.16262725826E-02 0.43199469275E+04 0.18565645065E+04 0.25368638069E+07
 0.25846000000E+03 0.99637829958E+03 0.16455337826E-02 0.43181404689E+04 0.18565867031E+04 0.25364923277E+07
 0.25861000000E+03 0.99644344324E+03 0.16649968724E-02 0.43163602319E+04 0.18566089512E+04 0.25361211080E+07
 0.25876000000E+03 0.99650780226E+03 0.16846636737E-02 0.43146057375E+04 0.18566312509E+04 0.25357501439E+07
 0.25891000000E+03 0.99657138325E+03 0.17045360218E-02 0.43128765174E+04 0.18566536021E+04 0.25353794314E+07
 0.25906000000E+03 0.99663419272E+03 0.17246157653E-02 0.43111721132E+04 0.18566760049E+04 0.25350089668E+07
 0.25921000000E+03 0.99669623712E+03 0.17449047667E-02 0.43094920768E+04 0.18566984594E+04 0.25346387463E+07
 0.25936000000E+03 0.99675752277E+03 0.17654049021E-02 0.43078359697E+04 0.18567209656E+04 0.25342687663E+07
 0.25951000000E+03 0.99681805595E+03 0.17861180615E-02 0.43062033627E+04 0.18567435236E+04 0.25338990231E+07
 0.25966000000E+03 0.99687784283E+03 0.18070461486E-02 0.43045938363E+04 0.18567661334E+04 0.25335295133E+07
 0.25981000000E+03 0.99693688949E+03 0.18281910811E-02 0.43030069797E+04 0.18567887950E+04 0.25331602333E+07
 0.25996000000E+03 0.99699520195E+03 0.18495547909E-02 0.43014423912E+04 0.18568115086E+04 0.25327911797E+07
 0.26011000000E+03 0.99705278614E+03 0.18711392236E-02 0.42998996775E+04 0.18568342741E+04 0.25324223492E+07
 0.26026000000E+03 0.99710964790E+03 0.18929463394E-02 0.42983784539E+04 0.18568570916E+04 0.25320537384E+07
 0.26041000000E+03 0.99716579302E+03 0.19149781124E-02 0.42968783440E+04 0.18568799611E+04 0.25316853442E+07
 0.26056000000E+03 0.99722122718E+03 0.19372365312E-02 0.42953989793E+04 0.18569028828E+04 0.25313171634E+07
 0.26071000000E+03 0.99727595601E+03 0.19597235988E-02 0.42939399993E+04 0.18569258565E+04 0.25309491927E+07
 0.26086000000E+03 0.99732998506E+03 0.19824413325E-02 0.42925010511E+04 0.18569488825E+04 0.25305814292E+07
 0.26101000000E+03 0.99738331981E+03 0.20053917644E-02 0.42910817893E+04 0.18569719607E+04 0.25302138697E+07
 0.26116000000E+03 0.99743596565E+03 0.20285769411E-02 0.42896818759E+04 0.18569950911E+04 0.25298465115E+07
 0.26131000000E+03 0.99748792793E+03 0.20519989239E-02 0.42883009798E+04 0.18570182739E+04 0.25294793514E+07
 0.26146000000E+03 0.99753921192E+03 0.20756597889E-02 0.42869387772E+04 0.18570415091E+04 0.25291123866E+07
 0.26161000000E+03 0.99758982280E+03 0.20995616271E-02 0.42855949510E+04 0.18570647966E+04 0.25287456144E+07
 0.26176000000E+03 0.99763976571E+03 0.21237065443E-02 0.42842691908E+04 0.18570881366E+04 0.25283790319E+07
 0.26191000000E+03 0.99768904572E+03 0.21480966614E-02 0.42829611925E+04 0.18571115291E+04 0.25280126363E+07
 0.26206000000E+03 0.99773766782E+03 0.21727341146E-02 0.42816706585E+04 0.18571349742E+04 0.25276464251E+07
 0.26221000000E+03 0.99778563697E+03 0.21976210550E-02 0.42803972976E+04 0.18571584718E+04 0.25272803955E+07
 0.26236000000E+03 0.99783295803E+03 0.22227596490E-02 0.42791408243E+04 0.18571820221E+04 0.25269145450E+07
 0.26251000000E+03 0.99787963581E+03 0.22481520785E-02 0.42779009593E+04 0.18572056250E+04 0.25265488710E+07
 0.26266000000E+03 0.99792567508E+03 0.22738005406E-02 0.42766774288E+04 0.18572292807E+04 0.25261833709E+07
 0.26281000000E+03 0.99797108053E+03 0.22997072480E-02 0.42754699649E+04 0.18572529891E+04 0.25258180423E+07
 0.26296000000E+03 0.99801585679E+03 0.23258744290E-02 0.42742783052E+04 0.18572767504E+04 0.25254528828E+07
 0.26311000000E+03 0.99806000844E+03 0.23523043276E-02 0.42731021924E+04 0.18573005645E+04 0.25250878899E+07
 0.26326000000E+03 0.99810354001E+03 0.23789992034E-02 0.42719413749E+04 0.18573244314E+04 0.25247230613E+07
 0.26341000000E+03 0.99814645596E+03 0.24059613319E-02 0.42707956058E+04 0.18573483513E+04 0.25243583947E+07
 0.26356000000E+03 0.99818876071E+03 0.24331930044E-02 0.42696646435E+04 0.18573723242E+04 0.25239938878E+07
 0.26371000000E+03 0.99823045861E+03 0.24606965283E-02 0.42685482513E+04 0.18573963502E+04 0.25236295383E+07
 0.26386000000E+03 0.99827155396E+03 0.24884742270E-02 0.42674461971E+04 0.18574204291E+04 0.25232653440E+07
 0.26401000000E+03 0.99831205103E+03 0.25165284401E-02 0.42663582536E+04 0.18574445612E+04 0.25229013027E+07
 0.26416000000E+03 0.99835195402E+03 0.25448615233E-02 0.42652841981E+04 0.18574687464E+04 0.25225374123E+07
 0.26431000000E+03 0.99839126707E+03 0.25734758488E-02 0.42642238123E+04 0.18574929849E+04 0.25221736706E+07
 0.26446000000E+03 0.99842999428E+03 0.26023738049E-02 0.42631768823E+04 0.18575172765E+04 0.25218100756E+07
 0.26461000000E+03 0.99846813971E+03 0.26315577967E-02 0.42621431984E+04 0.18575416214E+04 0.25214466253E+07
 0.26476000000E+03 0.99850570737E+03 0.26610302455E-02 0.42611225551E+04 0.18575660197E+04 0.25210833175E+07
 0.26491000000E+03 0.99854270121E+03 0.26907935896E-02 0.42601147511E+04 0.18575904713E+04 0.25207201503E+07
 0.26506000000E+03 0.99857912514E+03 0.27208502837E-02 0.42591195888E+04 0.18576149763E+04 0.25203571218E+07
 0.26521000000E+03 0.99861498303E+03 0.27512027994E-02 0.42581368748E+04 0.18576395347E+04 0.25199942300E+07
 0.26536000000E+03 0.99865027869E+03 0.27818536254E-02 0.42571664192E+04 0.18576641466E+04 0.25196314730E+07
 0.26551000000E+03 0.99868501591E+03 0.28128052670E-02 0.42562080359E+04 0.18576888120E+04 0.25192688489E+07
 0.26566000000E+03 0.99871919840E+03 0.28440602468E-02 0.42552615426E+04 0.18577135310E+04 0.25189063559E+07
 0.26581000000E+03 0.99875282986E+03 0.28756211045E-02 0.42543267604E+04 0.18577383035E+04 0.25185439921E+07
 0.26596000000E+03 0.99878591394E+03 0.29074903969E-02 0.42534035138E+04 0.18577631297E+04 0.25181817559E+07
 0.26611000000E+03 0.99881845423E+03 0.29396706982E-02 0.42524916307E+04 0.18577880096E+04 0.25178196453E+07
 0.26626000000E+03 0.99885045430E+03 0.29721646000E-02 0.42515909424E+04 0.18578129432E+04 0.25174576586E+07
 0.26641000000E+03 0.99888191767E+03 0.30049747112E-02 0.42507012835E+04 0.18578379306E+04 0.25170957942E+07
 0.26656000000E+03 0.99891284783E+03 0.30381036586E-02 0.42498224916E+04 0.18578629717E+04 0.25167340503E+07
 0.26671000000E+03 0.99894324820E+03 0.30715540864E-02 0.42489544073E+04 0.18578880667E+04 0.25163724253E+07
 0.26686000000E+03 0.99897312221E+03 0.31053286564E-02 0.42480968745E+04 0.18579132155E+04 0.25160109175E+07
 0.26701000000E+03 0.99900247321E+03 0.31394300485E-02 0.42472497399E+04 0.18579384183E+04 0.25156495253E+07
 0.26716000000E+03 0.99903130452E+03 0.31738609603E-02 0.42464128530E+04 0.18579636750E+04 0.25152882470E+07
 0.26731000000E+03 0.99905961945E+03 0.32086241074E-02 0.42455860663E+04 0.18579889857E+04 0.25149270812E+07
 0.26746000000E+03 0.99908742124E+03 0.32437222237E-02 0.42447692349E+04 0.18580143504E+04 0.25145660262E+07
 0.26761000000E+03 0.99911471311E+03 0.32791580608E-02 0.42439622167E+04 0.18580397692E+04 0.25142050806E+07
 0.26776000000E+03 0.99914149825E+03 0.33149343891E-02 0.42431648722E+04 0.18580652420E+04 0.25138442427E+07
 0.26791000000E+03 0.99916777980E+03 0.33510539968E-02 0.42423770645E+04 0.18580907690E+04 0.25134835112E+07
 0.26806000000E+03 0.99919356087E+03 0.33875196908E-02 0.42415986592E+04 0.18581163502E+04 0.25131228845E+07
 0.26821000000E+03 0.99921884455E+03 0.34243342966E-02 0.42408295244E+04 0.18581419856E+04 0.25127623611E+07
 0.26836000000E+03 0.99924363388E+03 0.34615006579E-02 0.42400695305E+04 0.18581676753E+04 0.25124019397E+07
 0.26851000000E+03 0.99926793187E+03 0.34990216375E-02 0.42393185504E+04 0.18581934192E+04 0.25120416188E+07
 0.26866000000E+03 0.99929174151E+03 0.35369001166E-02 0.42385764591E+04 0.18582192174E+04 0.25116813970E+07
 0.26881000000E+03 0.99931506573E+03 0.35751389956E-02 0.42378431342E+04 0.18582450700E+04 0.25113212730E+07
 0.26896000000E+03 0.99933790747E+03 0.36137411936E-02 0.42371184552E+04 0.18582709770E+04 0.25109612453E+07
 0.26911000000E+03 0.99936026959E+03 0.36527096486E-02 0.42364023039E+04 0.18582969384E+04 0.25106013127E+07
 0.26926000000E+03 0.99938215497E+03 0.36920473182E-02 0.42356945641E+04 0.18583229543E+04 0.25102414738E+07
 0.26941000000E+03 0.99940356642E+03 0.37317571786E-02 0.42349951218E+04 0.18583490247E+04 0.25098817273E+07
 0.26956000000E+03 0.99942450675E+03 0.37718422258E-02 0.42343038650E+04 0.18583751496E+04 0.25095220719E+07
 0.26971000000E+03 0.99944497871E+03 0.38123054749E-02 0.42336206836E+04 0.18584013291E+04 0.25091625063E+07
 0.26986000000E+03 0.99946498504E+03 0.38531499606E-02 0.42329454694E+04 0.18584275632E+04 0.25088030293E+07
 0.27001000000E+03 0.99948452845E+03 0.38943787369E-02 0.42322781163E+04 0.18584538520E+04 0.25084436397E+07
 0.27016000000E+03 0.99950361162E+03 0.39359948777E-02 0.42316185199E+04 0.18584801954E+04 0.25080843361E+07
 0.27031000000E+03 0.99952223721E+03 0.39780014767E-02 0.42309665775E+04 0.18585065935E+04 0.25077251174E+07
 0.27046000000E+03 0.99954040784E+03 0.40204016472E-02 0.42303221884E+04 0.18585330464E+04 0.25073659824E+07
 0.27061000000E+03 0.99955812611E+03 0.40631985224E-02 0.42296852536E+04 0.18585595540E+04 0.25070069299E+07
 0.27076000000E+03 0.99957539459E+03 0.41063952558E-02 0.42290556756E+04 0.18585861165E+04 0.25066479587E+07
 0.27091000000E+03 0.99959221582E+03 0.41499950207E-02 0.42284333589E+04 0.18586127338E+04 0.25062890677E+07
 0.27106000000E+03 0.99960859233E+03 0.41940010106E-02 0.42278182093E+04 0.18586394059E+04 0.25059302558E+07
 0.27121000000E+03 0.99962452661E+03 0.42384164396E-02 0.42272101343E+04 0.18586661330E+04 0.25055715217E+07
 0.27136000000E+03 0.99964002113E+03 0.42832445417E-02 0.42266090431E+04 0.18586929151E+04 0.25052128645E+07
 0.27151000000E+03 0.99965507834E+03 0.43284885716E-02 0.42260148462E+04 0.18587197521E+04 0.25048542829E+07
 0.27166000000E+03 0.99966970064E+03 0.43741518046E-02 0.42254274558E+04 0.18587466441E+04 0.25044957760E+07
 0.27181000000E+03 0.99968389045E+03 0.44202375365E-02 0.42248467855E+04 0.18587735911E+04 0.25041373425E+07
 0.27196000000E+03 0.99969765013E+03 0.44667490840E-02 0.42242727503E+04 0.18588005933E+04 0.25037789816E+07
 0.27211000000E+03 0.99971098204E+03 0.45136897843E-02 0.42237052666E+04 0.18588276505E+04 0.25034206921E+07
 0.27226000000E+03 0.99972388848E+03 0.45610629959E-02 0.42231442521E+04 0.18588547629E+04 0.25030624730E+07
 0.27241000000E+03 0.99973637178E+03 0.46088720981E-02 0.42225896261E+04 0.18588819305E+04 0.25027043232E+07
 0.27256000000E+03 0.99974843421E+03 0.46571204912E-02 0.42220413090E+04 0.18589091532E+04 0.25023462418E+07
 0.27271000000E+03 0.99976007802E+03 0.47058115968E-02 0.42214992225E+04 0.18589364312E+04 0.25019882277E+07
 0.27286000000E+03 0.99977130546E+03 0.47549488579E-02 0.42209632898E+04 0.18589637645E+04 0.25016302800E+07
 0.27301000000E+03 0.99978211873E+03 0.48045357387E-02 0.42204334349E+04 0.18589911530E+04 0.25012723976E+07
 0.27316000000E+03 0.99979252003E+03 0.48545757248E-02 0.42199095834E+04 0.18590185969E+04 0.25009145797E+07
 0.27331000000E+03 0.99980251154E+03 0.49050723235E-02 0.42193916621E+04 0.18590460962E+04 0.25005568252E+07
 0.27346000000E+03 0.99981209539E+03 0.49560290638E-02 0.42188795986E+04 0.18590736508E+04 0.25001991332E+07
 0.27361000000E+03 0.99982127374E+03 0.50074494963E-02 0.42183733220E+04 0.18591012608E+04 0.24998415028E+07
 0.27376000000E+03 0.99983004867E+03 0.50593371934E-02 0.42178727624E+04 0.18591289263E+04 0.24994839330E+07
 0.27391000000E+03 0.99983842229E+03 0.51116957495E-02 0.42173778509E+04 0.18591566473E+04 0.24991264230E+07
 0.27406000000E+03 0.99984639666E+03 0.51645287812E-02 0.42168885199E+04 0.18591844238E+04 0.24987689718E+07
 0.27421000000E+03 0.99985397384E+03 0.52178399268E-02 0.42164047027E+04 0.18592122558E+04 0.24984115785E+07
 0.27436000000E+03 0.99986115585E+03 0.52716328473E-02 0.42159263336E+04 0.18592401434E+04 0.24980542422E+07
 0.27451000000E+03 0.99986794472E+03 0.53259112255E-02 0.42154533479E+04 0.18592680866E+04 0.24976969621E+07
 0.27466000000E+03 0.99987434243E+03 0.53806787669E-02 0.42149856821E+04 0.18592960854E+04 0.24973397373E+07
 0.27481000000E+03 0.99988035095E+03 0.54359391995E-02 0.42145232735E+04 0.18593241399E+04 0.24969825670E+07
 0.27496000000E+03 0.99988597226E+03 0.54916962737E-02 0.42140660604E+04 0.18593522500E+04 0.24966254502E+07
 0.27511000000E+03 0.99989120827E+03 0.55479537628E-02 0.42136139820E+04 0.18593804159E+04 0.24962683862E+07
 0.27526000000E+03 0.99989606093E+03 0.56047154626E-02 0.42131669784E+04 0.18594086375E+04 0.24959113741E+07
 0.27541000000E+03 0.99990053212E+03 0.56619851920E-02 0.42127249907E+04 0.18594369149E+04 0.24955544131E+07
 0.27556000000E+03 0.99990462374E+03 0.57197667927E-02 0.42122879608E+04 0.18594652481E+04 0.24951975024E+07
 0.27571000000E+03 0.99990833766E+03 0.57780641296E-02 0.42118558315E+04 0.18594936371E+04 0.24948406411E+07
 0.27586000000E+03 0.99991167572E+03 0.58368810906E-02 0.42114285465E+04 0.18595220819E+04 0.24944838286E+07
 0.27601000000E+03 0.99991463977E+03 0.58962215870E-02 0.42110060501E+04 0.18595505826E+04 0.24941270639E+07
 0.27616000000E+03 0.99991723162E+03 0.59560895533E-02 0.42105882878E+04 0.18595791393E+04 0.24937703463E+07
 0.27631000000E+03 0.99991945308E+03 0.60164889475E-02 0.42101752055E+04 0.18596077518E+04 0.24934136751E+07
 0.27646000000E+03 0.99992130592E+03 0.60774237511E-02 0.42097667502E+04 0.18596364204E+04 0.24930570495E+07
 0.27661000000E+03 0.99992279193E+03 0.61388979692E-02 0.42093628696E+04 0.18596651449E+04 0.24927004686E+07
 0.27676000000E+03 0.99992391286E+03 0.62009156308E-02 0.42089635119E+04 0.18596939254E+04 0.24923439318E+07
 0.27691000000E+03 0.99992467044E+03 0.62634807884E-02 0.42085686264E+04 0.18597227620E+04 0.24919874384E+07
 0.27706000000E+03 0.99992506640E+03 0.63265975186E-02 0.42081781629E+04 0.18597516546E+04 0.24916309875E+07
 0.27721000000E+03 0.99992510245E+03 0.63902699222E-02 0.42077920721E+04 0.18597806034E+04 0.24912745785E+07
 0.27736000000E+03 0.99992478028E+03 0.64545021236E-02 0.42074103051E+04 0.18598096082E+04 0.24909182106E+07
 0.27751000000E+03 0.99992410158E+03 0.65192982720E-02 0.42070328141E+04 0.18598386692E+04 0.24905618831E+07
 0.27766000000E+03 0.99992306800E+03 0.65846625404E-02 0.42066595516E+04 0.18598677863E+04 0.24902055953E+07
 0.27781000000E+03 0.99992168119E+03 0.66505991264E-02 0.42062904709E+04 0.18598969597E+04 0.24898493466E+07
 0.27796000000E+03 0.99991994280E+03 0.67171122522E-02 0.42059255261E+04 0.18599261893E+04 0.24894931362E+07
 0.27811000000E+03 0.99991785444E+03 0.67842061643E-02 0.42055646718E+04 0.18599554751E+04 0.24891369634E+07
 0.27826000000E+03 0.99991541772E+03 0.68518851342E-02 0.42052078631E+04 0.18599848171E+04 0.24887808275E+07
 0.27841000000E+03 0.99991263424E+03 0.69201534579E-02 0.42048550560E+04 0.18600142155E+04 0.24884247279E+07
 0.27856000000E+03 0.99990950557E+03 0.69890154565E-02 0.42045062069E+04 0.18600436702E+04 0.24880686640E+07
 0.27871000000E+03 0.99990603328E+03 0.70584754759E-02 0.42041612728E+04 0.18600731812E+04 0.24877126349E+07
 0.27886000000E+03 0.99990221893E+03 0.71285378873E-02 0.42038202115E+04 0.18601027486E+04 0.24873566402E+07
 0.27901000000E+03 0.99989806405E+03 0.71992070867E-02 0.42034829811E+04 0.18601323724E+04 0.24870006791E+07
 0.27916000000E+03 0.99989357018E+03 0.72704874958E-02 0.42031495403E+04 0.18601620526E+04 0.24866447510E+07
 0.27931000000E+03 0.99988873882E+03 0.73423835613E-02 0.42028198486E+04 0.18601917892E+04 0.24862888552E+07
 0.27946000000E+03 0.99988357148E+03 0.74148997555E-02 0.42024938658E+04 0.18602215823E+04 0.24859329912E+07
 0.27961000000E+03 0.99987806965E+03 0.74880405764E-02 0.42021715523E+04 0.18602514319E+04 0.24855771583E+07
 0.27976000000E+03 0.99987223480E+03 0.75618105475E-02 0.42018528691E+04 0.18602813380E+04 0.24852213558E+07
 0.27991000000E+03 0.99986606840E+03 0.76362142180E-02 0.42015377776E+04 0.18603113006E+04 0.24848655833E+07
 0.28006000000E+03 0.99985957190E+03 0.77112561631E-02 0.42012262398E+04 0.18603413197E+04 0.24845098399E+07
 0.28021000000E+03 0.99985274675E+03 0.77869409838E-02 0.42009182181E+04 0.18603713954E+04 0.24841541252E+07
 0.28036000000E+03 0.99984559437E+03 0.78632733074E-02 0.42006136754E+04 0.18604015278E+04 0.24837984386E+07
 0.28051000000E+03 0.99983811617E+03 0.79402577871E-02 0.42003125753E+04 0.18604317167E+04 0.24834427794E+07
 0.28066000000E+03 0.99983031357E+03 0.80178991024E-02 0.42000148816E+04 0.18604619623E+04 0.24830871471E+07
 0.28081000000E+03 0.99982218795E+03 0.80962019592E-02 0.41997205587E+04 0.18604922645E+04 0.24827315410E+07
 0.28096000000E+03 0.99981374070E+03 0.81751710898E-02 0.41994295714E+04 0.18605226234E+04 0.24823759607E+07
 0.28111000000E+03 0.99980497320E+03 0.82548112531E-02 0.41991418850E+04 0.18605530390E+04 0.24820204055E+07
 0.28126000000E+03 0.99979588679E+03 0.83351272347E-02 0.41988574653E+04 0.18605835113E+04 0.24816648748E+07
 0.28141000000E+03 0.99978648284E+03 0.84161238467E-02 0.41985762783E+04 0.18606140404E+04 0.24813093681E+07
 0.28156000000E+03 0.99977676267E+03 0.84978059282E-02 0.41982982906E+04 0.18606446262E+04 0.24809538849E+07
 0.28171000000E+03 0.99976672762E+03 0.85801783454E-02 0.41980234693E+04 0.18606752689E+04 0.24805984246E+07
 0.28186000000E+03 0.99975637900E+03 0.86632459911E-02 0.41977517818E+04 0.18607059683E+04 0.24802429865E+07
 0.28201000000E+03 0.99974571813E+03 0.87470137857E-02 0.41974831959E+04 0.18607367245E+04 0.24798875703E+07
 0.28216000000E+03 0.99973474629E+03 0.88314866766E-02 0.41972176799E+04 0.18607675376E+04 0.24795321753E+07
 0.28231000000E+03 0.99972346477E+03 0.89166696385E-02 0.41969552022E+04 0.18607984076E+04 0.24791768010E+07
 0.28246000000E+03 0.99971187485E+03 0.90025676737E-02 0.41966957321E+04 0.18608293344E+04 0.24788214469E+07
 0.28261000000E+03 0.99969997780E+03 0.90891858119E-02 0.41964392388E+04 0.18608603182E+04 0.24784661125E+07
 0.28276000000E+03 0.99968777487E+03 0.91765291104E-02 0.41961856922E+04 0.18608913588E+04 0.24781107971E+07
 0.28291000000E+03 0.99967526730E+03 0.92646026545E-02 0.41959350623E+04 0.18609224564E+04 0.24777555004E+07
 0.28306000000E+03 0.99966245634E+03 0.93534115570E-02 0.41956873197E+04 0.18609536110E+04 0.24774002217E+07
 0.28321000000E+03 0.99964934321E+03 0.94429609589E-02 0.41954424352E+04 0.18609848225E+04 0.24770449607E+07
 0.28336000000E+03 0.99963592912E+03 0.95332560290E-02 0.41952003800E+04 0.18610160911E+04 0.24766897167E+07
 0.28351000000E+03 0.99962221529E+03 0.96243019644E-02 0.41949611257E+04 0.18610474166E+04 0.24763344892E+07
 0.28366000000E+03 0.99960820292E+03 0.97161039904E-02 0.41947246442E+04 0.18610787992E+04 0.24759792779E+07
 0.28381000000E+03 0.99959389318E+03 0.98086673606E-02 0.41944909077E+04 0.18611102389E+04 0.24756240821E+07
 0.28396000000E+03 0.99957928728E+03 0.99019973570E-02 0.41942598889E+04 0.18611417356E+04 0.24752689013E+07
 0.28411000000E+03 0.99956438636E+03 0.99960992903E-02 0.41940315605E+04 0.18611732894E+04 0.24749137352E+07
 0.28426000000E+03 0.99954919161E+03 0.10090978500E-01 0.41938058958E+04 0.18612049003E+04 0.24745585832E+07
 0.28441000000E+03 0.99953370416E+03 0.10186640353E-01 0.41935828683E+04 0.18612365683E+04 0.24742034448E+07
 0.28456000000E+03 0.99951792518E+03 0.10283090248E-01 0.41933624519E+04 0.18612682935E+04 0.24738483196E+07
 0.28471000000E+03 0.99950185578E+03 0.10380333608E-01 0.41931446208E+04 0.18613000758E+04 0.24734932070E+07
 0.28486000000E+03 0.99948549710E+03 0.10478375891E-01 0.41929293493E+04 0.18613319152E+04 0.24731381067E+07
 0.28501000000E+03 0.99946885027E+03 0.10577222578E-01 0.41927166122E+04 0.18613638119E+04 0.24727830180E+07
 0.28516000000E+03 0.99945191638E+03 0.10676879184E-01 0.41925063846E+04 0.18613957658E+04 0.24724279407E+07
 0.28531000000E+03 0.99943469655E+03 0.10777351251E-01 0.41922986418E+04 0.18614277769E+04 0.24720728742E+07
 0.28546000000E+03 0.99941719186E+03 0.10878644351E-01 0.41920933594E+04 0.18614598452E+04 0.24717178180E+07
 0.28561000000E+03 0.99939940341E+03 0.10980764085E-01 0.41918905133E+04 0.18614919708E+04 0.24713627718E+07
 0.28576000000E+03 0.99938133227E+03 0.11083716084E-01 0.41916900797E+04 0.18615241537E+04 0.24710077350E+07
 0.28591000000E+03 0.99936297951E+03 0.11187506010E-01 0.41914920350E+04 0.18615563938E+04 0.24706527073E+07
 0.28606000000E+03 0.99934434619E+03 0.11292139553E-01 0.41912963560E+04 0.18615886912E+04 0.24702976881E+07
 0.28621000000E+03 0.99932543337E+03 0.11397622434E-01 0.41911030196E+04 0.18616210460E+04 0.24699426770E+07
 0.28636000000E+03 0.99930624210E+03 0.11503960403E-01 0.41909120030E+04 0.18616534580E+04 0.24695876737E+07
 0.28651000000E+03 0.99928677341E+03 0.11611159241E-01 0.41907232838E+04 0.18616859275E+04 0.24692326776E+07
 0.28666000000E+03 0.99926702834E+03 0.11719224760E-01 0.41905368398E+04 0.18617184542E+04 0.24688776883E+07
 0.28681000000E+03 0.99924700791E+03 0.11828162800E-01 0.41903526488E+04 0.18617510384E+04 0.24685227054E+07
 0.28696000000E+03 0.99922671314E+03 0.11937979234E-01 0.41901706892E+04 0.18617836799E+04 0.24681677286E+07
 0.28711000000E+03 0.99920614503E+03 0.12048679964E-01 0.41899909394E+04 0.18618163789E+04 0.24678127572E+07
 0.28726000000E+03 0.99918530459E+03 0.12160270924E-01 0.41898133782E+04 0.18618491352E+04 0.24674577911E+07
 0.28741000000E+03 0.99916419281E+03 0.12272758077E-01 0.41896379846E+04 0.18618819490E+04 0.24671028296E+07
 0.28756000000E+03 0.99914281069E+03 0.12386147417E-01 0.41894647377E+04 0.18619148202E+04 0.24667478724E+07
 0.28771000000E+03 0.99912115920E+03 0.12500444972E-01 0.41892936170E+04 0.18619477489E+04 0.24663929192E+07
 0.28786000000E+03 0.99909923931E+03 0.12615656796E-01 0.41891246022E+04 0.18619807350E+04 0.24660379694E+07
 0.28801000000E+03 0.99907705199E+03 0.12731788979E-01 0.41889576730E+04 0.18620137786E+04 0.24656830228E+07
 0.28816000000E+03 0.99905459821E+03 0.12848847639E-01 0.41887928097E+04 0.18620468797E+04 0.24653280788E+07
 0.28831000000E+03 0.99903187891E+03 0.12966838927E-01 0.41886299926E+04 0.18620800383E+04 0.24649731371E+07
 0.28846000000E+03 0.99900889505E+03 0.13085769026E-01 0.41884692021E+04 0.18621132545E+04 0.24646181973E+07
 0.28861000000E+03 0.99898564756E+03 0.13205644147E-01 0.41883104191E+04 0.18621465281E+04 0.24642632590E+07
 0.28876000000E+03 0.99896213737E+03 0.13326470538E-01 0.41881536244E+04 0.18621798593E+04 0.24639083218E+07
 0.28891000000E+03 0.99893836541E+03 0.13448254475E-01 0.41879987994E+04 0.18622132481E+04 0.24635533853E+07
 0.28906000000E+03 0.99891433261E+03 0.13571002266E-01 0.41878459252E+04 0.18622466944E+04 0.24631984491E+07
 0.28921000000E+03 0.99889003987E+03 0.13694720253E-01 0.41876949836E+04 0.18622801983E+04 0.24628435129E+07
 0.28936000000E+03 0.99886548810E+03 0.13819414809E-01 0.41875459562E+04 0.18623137598E+04 0.24624885762E+07
 0.28951000000E+03 0.99884067821E+03 0.13945092338E-01 0.41873988250E+04 0.18623473789E+04 0.24621336387E+07
 0.28966000000E+03 0.99881561109E+03 0.14071759279E-01 0.41872535723E+04 0.18623810556E+04 0.24617787000E+07
 0.28981000000E+03 0.99879028762E+03 0.14199422101E-01 0.41871101803E+04 0.18624147899E+04 0.24614237598E+07
 0.28996000000E+03 0.99876470870E+03 0.14328087306E-01 0.41869686315E+04 0.18624485819E+04 0.24610688176E+07
 0.29011000000E+03 0.99873887519E+03 0.14457761430E-01 0.41868289088E+04 0.18624824314E+04 0.24607138730E+07
 0.29026000000E+03 0.99871278797E+03 0.14588451039E-01 0.41866909950E+04 0.18625163387E+04 0.24603589258E+07
 0.29041000000E+03 0.99868644791E+03 0.14720162735E-01 0.41865548733E+04 0.18625503036E+04 0.24600039756E+07
 0.29056000000E+03 0.99865985586E+03 0.14852903150E-01 0.41864205268E+04 0.18625843262E+04 0.24596490219E+07
 0.29071000000E+03 0.99863301267E+03 0.14986678950E-01 0.41862879390E+04 0.18626184065E+04 0.24592940645E+07
 0.29086000000E+03 0.99860591919E+03 0.15121496836E-01 0.41861570936E+04 0.18626525444E+04 0.24589391029E+07
 0.29101000000E+03 0.99857857626E+03 0.15257363540E-01 0.41860279744E+04 0.18626867401E+04 0.24585841368E+07
 0.29116000000E+03 0.99855098473E+03 0.15394285827E-01 0.41859005653E+04 0.18627209935E+04 0.24582291659E+07
 0.29131000000E+03 0.99852314541E+03 0.15532270498E-01 0.41857748505E+04 0.18627553046E+04 0.24578741898E+07
 0.29146000000E+03 0.99849505914E+03 0.15671324384E-01 0.41856508142E+04 0.18627896734E+04 0.24575192082E+07
 0.29161000000E+03 0.99846672673E+03 0.15811454351E-01 0.41855284410E+04 0.18628241000E+04 0.24571642206E+07
 0.29176000000E+03 0.99843814899E+03 0.15952667302E-01 0.41854077154E+04 0.18628585843E+04 0.24568092268E+07
 0.29191000000E+03 0.99840932675E+03 0.16094970168E-01 0.41852886223E+04 0.18628931263E+04 0.24564542264E+07
 0.29206000000E+03 0.99838026079E+03 0.16238369918E-01 0.41851711466E+04 0.18629277262E+04 0.24560992191E+07
 0.29221000000E+03 0.99835095191E+03 0.16382873554E-01 0.41850552734E+04 0.18629623838E+04 0.24557442045E+07
 0.29236000000E+03 0.99832140091E+03 0.16528488112E-01 0.41849409881E+04 0.18629970992E+04 0.24553891822E+07
 0.29251000000E+03 0.99829160858E+03 0.16675220662E-01 0.41848282759E+04 0.18630318723E+04 0.24550341521E+07
 0.29266000000E+03 0.99826157569E+03 0.16823078308E-01 0.41847171225E+04 0.18630667033E+04 0.24546791136E+07
 0.29281000000E+03 0.99823130303E+03 0.16972068190E-01 0.41846075136E+04 0.18631015921E+04 0.24543240665E+07
 0.29296000000E+03 0.99820079136E+03 0.17122197481E-01 0.41844994351E+04 0.18631365386E+04 0.24539690105E+07
 0.29311000000E+03 0.99817004146E+03 0.17273473389E-01 0.41843928729E+04 0.18631715430E+04 0.24536139451E+07
 0.29326000000E+03 0.99813905407E+03 0.17425903157E-01 0.41842878133E+04 0.18632066052E+04 0.24532588702E+07
 0.29341000000E+03 0.99810782997E+03 0.17579494063E-01 0.41841842425E+04 0.18632417253E+04 0.24529037853E+07
 0.29356000000E+03 0.99807636990E+03 0.17734253418E-01 0.41840821470E+04 0.18632769032E+04 0.24525486901E+07
 0.29371000000E+03 0.99804467461E+03 0.17890188572E-01 0.41839815134E+04 0.18633121389E+04 0.24521935844E+07
 0.29386000000E+03 0.99801274484E+03 0.18047306907E-01 0.41838823284E+04 0.18633474325E+04 0.24518384677E+07
 0.29401000000E+03 0.99798058133E+03 0.18205615840E-01 0.41837845788E+04 0.18633827839E+04 0.24514833398E+07
 0.29416000000E+03 0.99794818481E+03 0.18365122825E-01 0.41836882517E+04 0.18634181932E+04 0.24511282004E+07
 0.29431000000E+03 0.99791555600E+03 0.18525835352E-01 0.41835933341E+04 0.18634536604E+04 0.24507730491E+07
 0.29446000000E+03 0.99788269564E+03 0.18687760943E-01 0.41834998134E+04 0.18634891854E+04 0.24504178856E+07
 0.29461000000E+03 0.99784960444E+03 0.18850907161E-01 0.41834076769E+04 0.18635247683E+04 0.24500627096E+07
 0.29476000000E+03 0.99781628312E+03 0.19015281599E-01 0.41833169122E+04 0.18635604091E+04 0.24497075208E+07
 0.29491000000E+03 0.99778273238E+03 0.19180891890E-01 0.41832275068E+04 0.18635961078E+04 0.24493523189E+07
 0.29506000000E+03 0.99774895293E+03 0.19347745702E-01 0.41831394487E+04 0.18636318644E+04 0.24489971035E+07
 0.29521000000E+03 0.99771494547E+03 0.19515850738E-01 0.41830527256E+04 0.18636676789E+04 0.24486418744E+07
 0.29536000000E+03 0.99768071070E+03 0.19685214737E-01 0.41829673256E+04 0.18637035513E+04 0.24482866313E+07
 0.29551000000E+03 0.99764624930E+03 0.19855845477E-01 0.41828832368E+04 0.18637394816E+04 0.24479313738E+07
 0.29566000000E+03 0.99761156197E+03 0.20027750769E-01 0.41828004476E+04 0.18637754698E+04 0.24475761017E+07
 0.29581000000E+03 0.99757664939E+03 0.20200938463E-01 0.41827189463E+04 0.18638115159E+04 0.24472208146E+07
 0.29596000000E+03 0.99754151224E+03 0.20375416443E-01 0.41826387214E+04 0.18638476199E+04 0.24468655122E+07
 0.29611000000E+03 0.99750615119E+03 0.20551192633E-01 0.41825597616E+04 0.18638837819E+04 0.24465101943E+07
 0.29626000000E+03 0.99747056691E+03 0.20728274990E-01 0.41824820555E+04 0.18639200018E+04 0.24461548606E+07
 0.29641000000E+03 0.99743476007E+03 0.20906671511E-01 0.41824055921E+04 0.18639562796E+04 0.24457995107E+07
 0.29656000000E+03 0.99739873134E+03 0.21086390229E-01 0.41823303603E+04 0.18639926153E+04 0.24454441443E+07
 0.29671000000E+03 0.99736248136E+03 0.21267439213E-01 0.41822563492E+04 0.18640290090E+04 0.24450887612E+07
 0.29686000000E+03 0.99732601080E+03 0.21449826570E-01 0.41821835480E+04 0.18640654606E+04 0.24447333611E+07
 0.29701000000E+03 0.99728932030E+03 0.21633560445E-01 0.41821119460E+04 0.18641019702E+04 0.24443779437E+07
 0.29716000000E+03 0.99725241051E+03 0.21818649019E-01 0.41820415326E+04 0.18641385377E+04 0.24440225086E+07
 0.29731000000E+03 0.99721528207E+03 0.22005100511E-01 0.41819722973E+04 0.18641751632E+04 0.24436670557E+07
 0.29746000000E+03 0.99717793562E+03 0.22192923179E-01 0.41819042298E+04 0.18642118466E+04 0.24433115845E+07
 0.29761000000E+03 0.99714037180E+03 0.22382125316E-01 0.41818373199E+04 0.18642485879E+04 0.24429560949E+07
 0.29776000000E+03 0.99710259123E+03 0.22572715256E-01 0.41817715572E+04 0.18642853873E+04 0.24426005865E+07
 0.29791000000E+03 0.99706459454E+03 0.22764701367E-01 0.41817069319E+04 0.18643222445E+04 0.24422450591E+07
 0.29806000000E+03 0.99702638235E+03 0.22958092058E-01 0.41816434339E+04 0.18643591598E+04 0.24418895124E+07
 0.29821000000E+03 0.99698795529E+03 0.23152895775E-01 0.41815810534E+04 0.18643961329E+04 0.24415339460E+07
 0.29836000000E+03 0.99694931397E+03 0.23349121003E-01 0.41815197806E+04 0.18644331641E+04 0.24411783597E+07
 0.29851000000E+03 0.99691045899E+03 0.23546776264E-01 0.41814596059E+04 0.18644702532E+04 0.24408227533E+07
 0.29866000000E+03 0.99687139098E+03 0.23745870119E-01 0.41814005197E+04 0.18645074003E+04 0.24404671264E+07
 0.29881000000E+03 0.99683211052E+03 0.23946411168E-01 0.41813425126E+04 0.18645446053E+04 0.24401114788E+07
 0.29896000000E+03 0.99679261823E+03 0.24148408048E-01 0.41812855753E+04 0.18645818683E+04 0.24397558102E+07
 0.29911000000E+03 0.99675291470E+03 0.24351869438E-01 0.41812296984E+04 0.18646191893E+04 0.24394001204E+07
 0.29926000000E+03 0.99671300052E+03 0.24556804051E-01 0.41811748728E+04 0.18646565682E+04 0.24390444089E+07
 0.29941000000E+03 0.99667287628E+03 0.24763220644E-01 0.41811210895E+04 0.18646940051E+04 0.24386886757E+07
 0.29956000000E+03 0.99663254257E+03 0.24971128009E-01 0.41810683393E+04 0.18647314999E+04 0.24383329203E+07
 0.29971000000E+03 0.99659199998E+03 0.25180534978E-01 0.41810166136E+04 0.18647690527E+04 0.24379771426E+07
 0.29986000000E+03 0.99655124908E+03 0.25391450425E-01 0.41809659034E+04 0.18648066635E+04 0.24376213422E+07
 0.30001000000E+03 0.99651029044E+03 0.25603883259E-01 0.41809162000E+04 0.18648443323E+04 0.24372655190E+07
 0.30016000000E+03 0.99646912465E+03 0.25817842431E-01 0.41808674949E+04 0.18648820590E+04 0.24369096725E+07
 0.30031000000E+03 0.99642775226E+03 0.26033336932E-01 0.41808197796E+04 0.18649198437E+04 0.24365538026E+07
 0.30046000000E+03 0.99638617386E+03 0.26250375790E-01 0.41807730455E+04 0.18649576863E+04 0.24361979090E+07
 0.30061000000E+03 0.99634438999E+03 0.26468968076E-01 0.41807272843E+04 0.18649955869E+04 0.24358419915E+07
 0.30076000000E+03 0.99630240122E+03 0.26689122898E-01 0.41806824877E+04 0.18650335454E+04 0.24354860496E+07
 0.30091000000E+03 0.99626020810E+03 0.26910849405E-01 0.41806386477E+04 0.18650715619E+04 0.24351300833E+07
 0.30106000000E+03 0.99621781120E+03 0.27134156786E-01 0.41805957560E+04 0.18651096364E+04 0.24347740922E+07
 0.30121000000E+03 0.99617521105E+03 0.27359054271E-01 0.41805538047E+04 0.18651477688E+04 0.24344180761E+07
 0.30136000000E+03 0.99613240820E+03 0.27585551128E-01 0.41805127858E+04 0.18651859592E+04 0.24340620347E+07
 0.30151000000E+03 0.99608940320E+03 0.27813656667E-01 0.41804726916E+04 0.18652242075E+04 0.24337059678E+07
 0.30166000000E+03 0.99604619659E+03 0.28043380239E-01 0.41804335141E+04 0.18652625138E+04 0.24333498750E+07
 0.30181000000E+03 0.99600278890E+03 0.28274731233E-01 0.41803952458E+04 0.18653008780E+04 0.24329937562E+07
 0.30196000000E+03 0.99595918067E+03 0.28507719080E-01 0.41803578790E+04 0.18653393002E+04 0.24326376110E+07
 0.30211000000E+03 0.99591537244E+03 0.28742353253E-01 0.41803214062E+04 0.18653777803E+04 0.24322814393E+07
 0.30226000000E+03 0.99587136472E+03 0.28978643264E-01 0.41802858199E+04 0.18654163183E+04 0.24319252407E+07
 0.30241000000E+03 0.99582715804E+03 0.29216598667E-01 0.41802511129E+04 0.18654549143E+04 0.24315690150E+07
 0.30256000000E+03 0.99578275293E+03 0.29456229055E-01 0.41802172777E+04 0.18654935682E+04 0.24312127620E+07
 0.30271000000E+03 0.99573814990E+03 0.29697544065E-01 0.41801843072E+04 0.18655322800E+04 0.24308564814E+07
 0.30286000000E+03 0.99569334947E+03 0.29940553372E-01 0.41801521942E+04 0.18655710498E+04 0.24305001729E+07
 0.30301000000E+03 0.99564835215E+03 0.30185266696E-01 0.41801209317E+04 0.18656098775E+04 0.24301438363E+07
 0.30316000000E+03 0.99560315846E+03 0.30431693796E-01 0.41800905127E+04 0.18656487631E+04 0.24297874713E+07
 0.30331000000E+03 0.99555776890E+03 0.30679844472E-01 0.41800609302E+04 0.18656877066E+04 0.24294310778E+07
 0.30346000000E+03 0.99551218397E+03 0.30929728567E-01 0.41800321775E+04 0.18657267080E+04 0.24290746553E+07
 0.30361000000E+03 0.99546640418E+03 0.31181355966E-01 0.41800042476E+04 0.18657657673E+04 0.24287182038E+07
 0.30376000000E+03 0.99542043003E+03 0.31434736593E-01 0.41799771340E+04 0.18658048846E+04 0.24283617229E+07
 0.30391000000E+03 0.99537426201E+03 0.31689880418E-01 0.41799508300E+04 0.18658440597E+04 0.24280052124E+07
 0.30406000000E+03 0.99532790061E+03 0.31946797449E-01 0.41799253290E+04 0.18658832927E+04 0.24276486720E+07
 0.30421000000E+03 0.99528134633E+03 0.32205497739E-01 0.41799006245E+04 0.18659225836E+04 0.24272921016E+07
 0.30436000000E+03 0.99523459965E+03 0.32465991382E-01 0.41798767102E+04 0.18659619324E+04 0.24269355008E+07
 0.30451000000E+03 0.99518766106E+03 0.32728288514E-01 0.41798535796E+04 0.18660013391E+04 0.24265788694E+07
 0.30466000000E+03 0.99514053104E+03 0.32992399314E-01 0.41798312265E+04 0.18660408036E+04 0.24262222071E+07
 0.30481000000E+03 0.99509321007E+03 0.33258334003E-01 0.41798096447E+04 0.18660803261E+04 0.24258655138E+07
 0.30496000000E+03 0.99504569863E+03 0.33526102845E-01 0.41797888279E+04 0.18661199063E+04 0.24255087891E+07
 0.30511000000E+03 0.99499799719E+03 0.33795716147E-01 0.41797687702E+04 0.18661595445E+04 0.24251520329E+07
 0.30526000000E+03 0.99495010622E+03 0.34067184257E-01 0.41797494655E+04 0.18661992404E+04 0.24247952448E+07
 0.30541000000E+03 0.99490202620E+03 0.34340517567E-01 0.41797309077E+04 0.18662389943E+04 0.24244384247E+07
 0.30556000000E+03 0.99485375759E+03 0.34615726514E-01 0.41797130912E+04 0.18662788059E+04 0.24240815723E+07
 0.30571000000E+03 0.99480530085E+03 0.34892821574E-01 0.41796960099E+04 0.18663186754E+04 0.24237246874E+07
 0.30586000000E+03 0.99475665644E+03 0.35171813270E-01 0.41796796581E+04 0.18663586027E+04 0.24233677697E+07
 0.30601000000E+03 0.99470782483E+03 0.35452712165E-01 0.41796640302E+04 0.18663985879E+04 0.24230108189E+07
 0.30616000000E+03 0.99465880648E+03 0.35735528867E-01 0.41796491205E+04 0.18664386308E+04 0.24226538349E+07
 0.30631000000E+03 0.99460960182E+03 0.36020274028E-01 0.41796349234E+04 0.18664787316E+04 0.24222968174E+07
 0.30646000000E+03 0.99456021133E+03 0.36306958343E-01 0.41796214334E+04 0.18665188901E+04 0.24219397662E+07
 0.30661000000E+03 0.99451063544E+03 0.36595592550E-01 0.41796086451E+04 0.18665591065E+04 0.24215826810E+07
 0.30676000000E+03 0.99446087460E+03 0.36886187431E-01 0.41795965529E+04 0.18665993806E+04 0.24212255616E+07
 0.30691000000E+03 0.99441092926E+03 0.37178753812E-01 0.41795851516E+04 0.18666397125E+04 0.24208684077E+07
 0.30706000000E+03 0.99436079986E+03 0.37473302564E-01 0.41795744360E+04 0.18666801022E+04 0.24205112191E+07
 0.30721000000E+03 0.99431048683E+03 0.37769844600E-01 0.41795644007E+04 0.18667205496E+04 0.24201539957E+07
 0.30736000000E+03 0.99425999062E+03 0.38068390878E-01 0.41795550406E+04 0.18667610548E+04 0.24197967370E+07
 0.30751000000E+03 0.99420931166E+03 0.38368952401E-01 0.41795463507E+04 0.18668016177E+04 0.24194394430E+07
 0.30766000000E+03 0.99415845039E+03 0.38671540216E-01 0.41795383258E+04 0.18668422384E+04 0.24190821133E+07
 0.30781000000E+03 0.99410740723E+03 0.38976165413E-01 0.41795309609E+04 0.18668829168E+04 0.24187247478E+07
 0.30796000000E+03 0.99405618261E+03 0.39282839128E-01 0.41795242512E+04 0.18669236529E+04 0.24183673462E+07
 0.30811000000E+03 0.99400477695E+03 0.39591572542E-01 0.41795181917E+04 0.18669644467E+04 0.24180099082E+07
 0.30826000000E+03 0.99395319069E+03 0.39902376878E-01 0.41795127776E+04 0.18670052982E+04 0.24176524337E+07
 0.30841000000E+03 0.99390142423E+03 0.40215263408E-01 0.41795080041E+04 0.18670462075E+04 0.24172949224E+07
 0.30856000000E+03 0.99384947801E+03 0.40530243444E-01 0.41795038665E+04 0.18670871744E+04 0.24169373741E+07
 0.30871000000E+03 0.99379735244E+03 0.40847328348E-01 0.41795003601E+04 0.18671281990E+04 0.24165797885E+07
 0.30886000000E+03 0.99374504792E+03 0.41166529523E-01 0.41794974803E+04 0.18671692812E+04 0.24162221654E+07
 0.30901000000E+03 0.99369256488E+03 0.41487858419E-01 0.41794952226E+04 0.18672104211E+04 0.24158645046E+07
 0.30916000000E+03 0.99363990372E+03 0.41811326531E-01 0.41794935824E+04 0.18672516187E+04 0.24155068058E+07
 0.30931000000E+03 0.99358706485E+03 0.42136945400E-01 0.41794925553E+04 0.18672928739E+04 0.24151490689E+07
 0.30946000000E+03 0.99353404868E+03 0.42464726612E-01 0.41794921369E+04 0.18673341867E+04 0.24147912935E+07
 0.30961000000E+03 0.99348085562E+03 0.42794681797E-01 0.41794923227E+04 0.18673755571E+04 0.24144334795E+07
 0.30976000000E+03 0.99342748605E+03 0.43126822634E-01 0.41794931086E+04 0.18674169851E+04 0.24140756266E+07
 0.30991000000E+03 0.99337394039E+03 0.43461160844E-01 0.41794944902E+04 0.18674584708E+04 0.24137177347E+07
 0.31006000000E+03 0.99332021902E+03 0.43797708196E-01 0.41794964633E+04 0.18675000140E+04 0.24133598033E+07
 0.31021000000E+03 0.99326632236E+03 0.44136476506E-01 0.41794990237E+04 0.18675416148E+04 0.24130018325E+07
 0.31036000000E+03 0.99321225078E+03 0.44477477632E-01 0.41795021674E+04 0.18675832732E+04 0.24126438218E+07
 0.31051000000E+03 0.99315800468E+03 0.44820723483E-01 0.41795058903E+04 0.18676249891E+04 0.24122857711E+07
 0.31066000000E+03 0.99310358444E+03 0.45166226012E-01 0.41795101884E+04 0.18676667626E+04 0.24119276802E+07
 0.31081000000E+03 0.99304899047E+03 0.45513997216E-01 0.41795150577E+04 0.18677085936E+04 0.24115695488E+07
 0.31096000000E+03 0.99299422314E+03 0.45864049142E-01 0.41795204942E+04 0.18677504821E+04 0.24112113767E+07
 0.31111000000E+03 0.99293928283E+03 0.46216393882E-01 0.41795264941E+04 0.18677924281E+04 0.24108531637E+07
 0.31126000000E+03 0.99288416992E+03 0.46571043574E-01 0.41795330536E+04 0.18678344316E+04 0.24104949095E+07
 0.31141000000E+03 0.99282888481E+03 0.46928010405E-01 0.41795401689E+04 0.18678764926E+04 0.24101366139E+07
 0.31156000000E+03 0.99277342785E+03 0.47287306605E-01 0.41795478362E+04 0.18679186111E+04 0.24097782768E+07
 0.31171000000E+03 0.99271779943E+03 0.47648944454E-01 0.41795560519E+04 0.18679607871E+04 0.24094198978E+07
 0.31186000000E+03 0.99266199993E+03 0.48012936278E-01 0.41795648123E+04 0.18680030205E+04 0.24090614767E+07
 0.31201000000E+03 0.99260602971E+03 0.48379294449E-01 0.41795741137E+04 0.18680453113E+04 0.24087030134E+07
 0.31216000000E+03 0.99254988914E+03 0.48748031388E-01 0.41795839527E+04 0.18680876596E+04 0.24083445076E+07
 0.31231000000E+03 0.99249357859E+03 0.49119159563E-01 0.41795943256E+04 0.18681300652E+04 0.24079859590E+07
 0.31246000000E+03 0.99243709843E+03 0.49492691486E-01 0.41796052291E+04 0.18681725283E+04 0.24076273675E+07
 0.31261000000E+03 0.99238044902E+03 0.49868639722E-01 0.41796166597E+04 0.18682150488E+04 0.24072687328E+07
 0.31276000000E+03 0.99232363072E+03 0.50247016879E-01 0.41796286140E+04 0.18682576266E+04 0.24069100546E+07
 0.31291000000E+03 0.99226664390E+03 0.50627835614E-01 0.41796410886E+04 0.18683002618E+04 0.24065513329E+07
 0.31306000000E+03 0.99220948891E+03 0.51011108632E-01 0.41796540803E+04 0.18683429543E+04 0.24061925673E+07
 0.31321000000E+03 0.99215216611E+03 0.51396848686E-01 0.41796675858E+04 0.18683857042E+04 0.24058337576E+07
 0.31336000000E+03 0.99209467585E+03 0.51785068576E-01 0.41796816018E+04 0.18684285114E+04 0.24054749036E+07
 0.31351000000E+03 0.99203701849E+03 0.52175781150E-01 0.41796961251E+04 0.18684713759E+04 0.24051160051E+07
 0.31366000000E+03 0.99197919438E+03 0.52568999306E-01 0.41797111527E+04 0.18685142977E+04 0.24047570618E+07
 0.31381000000E+03 0.99192120387E+03 0.52964735987E-01 0.41797266814E+04 0.18685572768E+04 0.24043980736E+07
 0.31396000000E+03 0.99186304731E+03 0.53363004186E-01 0.41797427081E+04 0.18686003132E+04 0.24040390402E+07
 0.31411000000E+03 0.99180472504E+03 0.53763816945E-01 0.41797592298E+04 0.18686434068E+04 0.24036799613E+07
 0.31426000000E+03 0.99174623741E+03 0.54167187353E-01 0.41797762435E+04 0.18686865576E+04 0.24033208368E+07
 0.31441000000E+03 0.99168758475E+03 0.54573128549E-01 0.41797937463E+04 0.18687297657E+04 0.24029616665E+07
 0.31456000000E+03 0.99162876742E+03 0.54981653718E-01 0.41798117353E+04 0.18687730310E+04 0.24026024500E+07
 0.31471000000E+03 0.99156978576E+03 0.55392776096E-01 0.41798302075E+04 0.18688163534E+04 0.24022431873E+07
 0.31486000000E+03 0.99151064009E+03 0.55806508967E-01 0.41798491602E+04 0.18688597331E+04 0.24018838780E+07
 0.31501000000E+03 0.99145133075E+03 0.56222865665E-01 0.41798685905E+04 0.18689031699E+04 0.24015245219E+07
 0.31516000000E+03 0.99139185809E+03 0.56641859570E-01 0.41798884957E+04 0.18689466638E+04 0.24011651189E+07
 0.31531000000E+03 0.99133222242E+03 0.57063504115E-01 0.41799088731E+04 0.18689902149E+04 0.24008056687E+07
 0.31546000000E+03 0.99127242409E+03 0.57487812779E-01 0.41799297198E+04 0.18690338232E+04 0.24004461711E+07
 0.31561000000E+03 0.99121246343E+03 0.57914799091E-01 0.41799510334E+04 0.18690774885E+04 0.24000866258E+07
 0.31576000000E+03 0.99115234075E+03 0.58344476630E-01 0.41799728112E+04 0.18691212109E+04 0.23997270326E+07
 0.31591000000E+03 0.99109205639E+03 0.58776859023E-01 0.41799950505E+04 0.18691649904E+04 0.23993673914E+07
 0.31606000000E+03 0.99103161068E+03 0.59211959950E-01 0.41800177489E+04 0.18692088269E+04 0.23990077019E+07
 0.31621000000E+03 0.99097100392E+03 0.59649793135E-01 0.41800409038E+04 0.18692527205E+04 0.23986479638E+07
 0.31636000000E+03 0.99091023646E+03 0.60090372357E-01 0.41800645128E+04 0.18692966711E+04 0.23982881770E+07
 0.31651000000E+03 0.99084930860E+03 0.60533711441E-01 0.41800885734E+04 0.18693406787E+04 0.23979283412E+07
 0.31666000000E+03 0.99078822066E+03 0.60979824264E-01 0.41801130831E+04 0.18693847433E+04 0.23975684562E+07
 0.31681000000E+03 0.99072697297E+03 0.61428724752E-01 0.41801380396E+04 0.18694288649E+04 0.23972085218E+07
 0.31696000000E+03 0.99066556583E+03 0.61880426881E-01 0.41801634406E+04 0.18694730434E+04 0.23968485378E+07
 0.31711000000E+03 0.99060399957E+03 0.62334944678E-01 0.41801892837E+04 0.18695172789E+04 0.23964885039E+07
 0.31726000000E+03 0.99054227448E+03 0.62792292218E-01 0.41802155666E+04 0.18695615713E+04 0.23961284199E+07
 0.31741000000E+03 0.99048039090E+03 0.63252483629E-01 0.41802422872E+04 0.18696059206E+04 0.23957682857E+07
 0.31756000000E+03 0.99041834911E+03 0.63715533088E-01 0.41802694431E+04 0.18696503268E+04 0.23954081009E+07
 0.31771000000E+03 0.99035614943E+03 0.64181454822E-01 0.41802970323E+04 0.18696947899E+04 0.23950478654E+07
 0.31786000000E+03 0.99029379218E+03 0.64650263110E-01 0.41803250525E+04 0.18697393099E+04 0.23946875789E+07
 0.31801000000E+03 0.99023127764E+03 0.65121972279E-01 0.41803535015E+04 0.18697838866E+04 0.23943272412E+07
 0.31816000000E+03 0.99016860613E+03 0.65596596711E-01 0.41803823775E+04 0.18698285202E+04 0.23939668521E+07
 0.31831000000E+03 0.99010577794E+03 0.66074150833E-01 0.41804116781E+04 0.18698732106E+04 0.23936064114E+07
 0.31846000000E+03 0.99004279339E+03 0.66554649129E-01 0.41804414016E+04 0.18699179578E+04 0.23932459188E+07
 0.31861000000E+03 0.98997965276E+03 0.67038106129E-01 0.41804715457E+04 0.18699627618E+04 0.23928853742E+07
 0.31876000000E+03 0.98991635635E+03 0.67524536417E-01 0.41805021086E+04 0.18700076225E+04 0.23925247773E+07
 0.31891000000E+03 0.98985290446E+03 0.68013954627E-01 0.41805330883E+04 0.18700525400E+04 0.23921641279E+07
 0.31906000000E+03 0.98978929739E+03 0.68506375444E-01 0.41805644828E+04 0.18700975141E+04 0.23918034257E+07
 0.31921000000E+03 0.98972553543E+03 0.69001813606E-01 0.41805962904E+04 0.18701425450E+04 0.23914426706E+07
 0.31936000000E+03 0.98966161887E+03 0.69500283899E-01 0.41806285092E+04 0.18701876325E+04 0.23910818623E+07
 0.31951000000E+03 0.98959754800E+03 0.70001801165E-01 0.41806611373E+04 0.18702327767E+04 0.23907210007E+07
 0.31966000000E+03 0.98953332310E+03 0.70506380293E-01 0.41806941729E+04 0.18702779775E+04 0.23903600854E+07
 0.31981000000E+03 0.98946894448E+03 0.71014036227E-01 0.41807276143E+04 0.18703232350E+04 0.23899991162E+07
 0.31996000000E+03 0.98940441241E+03 0.71524783962E-01 0.41807614596E+04 0.18703685490E+04 0.23896380930E+07
 0.32011000000E+03 0.98933972718E+03 0.72038638542E-01 0.41807957073E+04 0.18704139196E+04 0.23892770156E+07
 0.32026000000E+03 0.98927488908E+03 0.72555615068E-01 0.41808303556E+04 0.18704593468E+04 0.23889158836E+07
 0.32041000000E+03 0.98920989838E+03 0.73075728688E-01 0.41808654028E+04 0.18705048306E+04 0.23885546969E+07
 0.32056000000E+03 0.98914475536E+03 0.73598994605E-01 0.41809008474E+04 0.18705503709E+04 0.23881934552E+07
 0.32071000000E+03 0.98907946032E+03 0.74125428074E-01 0.41809366876E+04 0.18705959676E+04 0.23878321584E+07
 0.32086000000E+03 0.98901401352E+03 0.74655044401E-01 0.41809729220E+04 0.18706416209E+04 0.23874708062E+07
 0.32101000000E+03 0.98894841524E+03 0.75187858945E-01 0.41810095489E+04 0.18706873306E+04 0.23871093984E+07
 0.32116000000E+03 0.98888266575E+03 0.75723887117E-01 0.41810465669E+04 0.18707330968E+04 0.23867479348E+07
 0.32131000000E+03 0.98881676535E+03 0.76263144382E-01 0.41810839744E+04 0.18707789194E+04 0.23863864151E+07
 0.32146000000E+03 0.98875071428E+03 0.76805646254E-01 0.41811217700E+04 0.18708247983E+04 0.23860248391E+07
 0.32161000000E+03 0.98868451284E+03 0.77351408304E-01 0.41811599521E+04 0.18708707337E+04 0.23856632067E+07
 0.32176000000E+03 0.98861816129E+03 0.77900446154E-01 0.41811985194E+04 0.18709167255E+04 0.23853015175E+07
 0.32191000000E+03 0.98855165989E+03 0.78452775477E-01 0.41812374705E+04 0.18709627736E+04 0.23849397714E+07
 0.32206000000E+03 0.98848500892E+03 0.79008412001E-01 0.41812768040E+04 0.18710088780E+04 0.23845779681E+07
 0.32221000000E+03 0.98841820864E+03 0.79567371506E-01 0.41813165185E+04 0.18710550387E+04 0.23842161074E+07
 0.32236000000E+03 0.98835125933E+03 0.80129669826E-01 0.41813566127E+04 0.18711012557E+04 0.23838541891E+07
 0.32251000000E+03 0.98828416123E+03 0.80695322848E-01 0.41813970853E+04 0.18711475289E+04 0.23834922130E+07
 0.32266000000E+03 0.98821691463E+03 0.81264346511E-01 0.41814379350E+04 0.18711938584E+04 0.23831301788E+07
 0.32281000000E+03 0.98814951977E+03 0.81836756808E-01 0.41814791606E+04 0.18712402441E+04 0.23827680864E+07
 0.32296000000E+03 0.98808197692E+03 0.82412569786E-01 0.41815207607E+04 0.18712866860E+04 0.23824059354E+07
 0.32311000000E+03 0.98801428635E+03 0.82991801544E-01 0.41815627343E+04 0.18713331841E+04 0.23820437257E+07
 0.32326000000E+03 0.98794644830E+03 0.83574468237E-01 0.41816050800E+04 0.18713797383E+04 0.23816814571E+07
 0.32341000000E+03 0.98787846304E+03 0.84160586070E-01 0.41816477968E+04 0.18714263487E+04 0.23813191293E+07
 0.32356000000E+03 0.98781033082E+03 0.84750171306E-01 0.41816908835E+04 0.18714730152E+04 0.23809567421E+07
 0.32371000000E+03 0.98774205190E+03 0.85343240257E-01 0.41817343389E+04 0.18715197377E+04 0.23805942953E+07
 0.32386000000E+03 0.98767362652E+03 0.85939809294E-01 0.41817781621E+04 0.18715665164E+04 0.23802317887E+07
 0.32401000000E+03 0.98760505496E+03 0.86539894837E-01 0.41818223517E+04 0.18716133510E+04 0.23798692220E+07
 0.32416000000E+03 0.98753633744E+03 0.87143513365E-01 0.41818669070E+04 0.18716602417E+04 0.23795065950E+07
 0.32431000000E+03 0.98746747423E+03 0.87750681406E-01 0.41819118267E+04 0.18717071884E+04 0.23791439075E+07
 0.32446000000E+03 0.98739846558E+03 0.88361415545E-01 0.41819571098E+04 0.18717541911E+04 0.23787811593E+07
 0.32461000000E+03 0.98732931173E+03 0.88975732422E-01 0.41820027555E+04 0.18718012497E+04 0.23784183501E+07
 0.32476000000E+03 0.98726001292E+03 0.89593648729E-01 0.41820487626E+04 0.18718483643E+04 0.23780554797E+07
 0.32491000000E+03 0.98719056942E+03 0.90215181215E-01 0.41820951303E+04 0.18718955347E+04 0.23776925479E+07
 0.32506000000E+03 0.98712098145E+03 0.90840346681E-01 0.41821418576E+04 0.18719427611E+04 0.23773295544E+07
 0.32521000000E+03 0.98705124926E+03 0.91469161984E-01 0.41821889436E+04 0.18719900433E+04 0.23769664992E+07
 0.32536000000E+03 0.98698137310E+03 0.92101644036E-01 0.41822363874E+04 0.18720373813E+04 0.23766033818E+07
 0.32551000000E+03 0.98691135321E+03 0.92737809801E-01 0.41822841882E+04 0.18720847752E+04 0.23762402021E+07
 0.32566000000E+03 0.98684118983E+03 0.93377676303E-01 0.41823323450E+04 0.18721322249E+04 0.23758769599E+07
 0.32581000000E+03 0.98677088319E+03 0.94021260615E-01 0.41823808571E+04 0.18721797303E+04 0.23755136549E+07
 0.32596000000E+03 0.98670043354E+03 0.94668579869E-01 0.41824297236E+04 0.18722272915E+04 0.23751502869E+07
 0.32611000000E+03 0.98662984111E+03 0.95319651250E-01 0.41824789437E+04 0.18722749083E+04 0.23747868557E+07
 0.32626000000E+03 0.98655910613E+03 0.95974492000E-01 0.41825285167E+04 0.18723225809E+04 0.23744233611E+07
 0.32641000000E+03 0.98648822885E+03 0.96633119414E-01 0.41825784419E+04 0.18723703092E+04 0.23740598028E+07
 0.32656000000E+03 0.98641720950E+03 0.97295550844E-01 0.41826287183E+04 0.18724180931E+04 0.23736961806E+07
 0.32671000000E+03 0.98634604830E+03 0.97961803696E-01 0.41826793454E+04 0.18724659327E+04 0.23733324943E+07
 0.32686000000E+03 0.98627474550E+03 0.98631895433E-01 0.41827303225E+04 0.18725138278E+04 0.23729687437E+07
 0.32701000000E+03 0.98620330131E+03 0.99305843571E-01 0.41827816488E+04 0.18725617785E+04 0.23726049285E+07
 0.32716000000E+03 0.98613171598E+03 0.99983665685E-01 0.41828333237E+04 0.18726097848E+04 0.23722410484E+07
 0.32731000000E+03 0.98605998973E+03 0.10066537940E+00 0.41828853465E+04 0.18726578466E+04 0.23718771034E+07
 0.32746000000E+03 0.98598812279E+03 0.10135100241E+00 0.41829377167E+04 0.18727059639E+04 0.23715130931E+07
 0.32761000000E+03 0.98591611538E+03 0.10204055244E+00 0.41829904335E+04 0.18727541367E+04 0.23711490173E+07
 0.32776000000E+03 0.98584396773E+03 0.10273404730E+00 0.41830434965E+04 0.18728023649E+04 0.23707848758E+07
 0.32791000000E+03 0.98577168007E+03 0.10343150484E+00 0.41830969049E+04 0.18728506486E+04 0.23704206683E+07
 0.32806000000E+03 0.98569925261E+03 0.10413294297E+00 0.41831506584E+04 0.18728989877E+04 0.23700563947E+07
 0.32821000000E+03 0.98562668559E+03 0.10483837964E+00 0.41832047562E+04 0.18729473821E+04 0.23696920547E+07
 0.32836000000E+03 0.98555397922E+03 0.10554783288E+00 0.41832591979E+04 0.18729958319E+04 0.23693276480E+07
 0.32851000000E+03 0.98548113372E+03 0.10626132077E+00 0.41833139831E+04 0.18730443371E+04 0.23689631745E+07
 0.32866000000E+03 0.98540814931E+03 0.10697886144E+00 0.41833691110E+04 0.18730928975E+04 0.23685986340E+07
 0.32881000000E+03 0.98533502621E+03 0.10770047308E+00 0.41834245814E+04 0.18731415132E+04 0.23682340261E+07
 0.32896000000E+03 0.98526176465E+03 0.10842617393E+00 0.41834803937E+04 0.18731901842E+04 0.23678693506E+07
 0.32911000000E+03 0.98518836483E+03 0.10915598231E+00 0.41835365476E+04 0.18732389104E+04 0.23675046074E+07
 0.32926000000E+03 0.98511482697E+03 0.10988991655E+00 0.41835930424E+04 0.18732876918E+04 0.23671397962E+07
 0.32941000000E+03 0.98504115129E+03 0.11062799510E+00 0.41836498779E+04 0.18733365283E+04 0.23667749167E+07
 0.32956000000E+03 0.98496733800E+03 0.11137023640E+00 0.41837070537E+04 0.18733854201E+04 0.23664099688E+07
 0.32971000000E+03 0.98489338731E+03 0.11211665900E+00 0.41837645693E+04 0.18734343669E+04 0.23660449522E+07
 0.32986000000E+03 0.98481929944E+03 0.11286728149E+00 0.41838224243E+04 0.18734833688E+04 0.23656798666E+07
 0.33001000000E+03 0.98474507459E+03 0.11362212249E+00 0.41838806186E+04 0.18735324258E+04 0.23653147119E+07
 0.33016000000E+03 0.98467071298E+03 0.11438120072E+00 0.41839391515E+04 0.18735815379E+04 0.23649494878E+07
