 0.18031000000E+03 0.99999999900E+99 0.57169126378E-02
 0.18046000000E+03 0.99999999900E+99 0.58806029206E-02
 0.18061000000E+03 0.99999999900E+99 0.60487002274E-02
 0.18076000000E+03 0.99999999900E+99 0.62213154603E-02
 0.18091000000E+03 0.99999999900E+99 0.63985621109E-02
 0.18106000000E+03 0.99999999900E+99 0.65805563155E-02
 0.18121000000E+03 0.99999999900E+99 0.67674169120E-02
 0.18136000000E+03 0.99999999900E+99 0.69592654976E-02
 0.18151000000E+03 0.99999999900E+99 0.71562264875E-02
 0.18166000000E+03 0.99999999900E+99 0.73584271751E-02
 0.18181000000E+03 0.99999999900E+99 0.75659977928E-02
 0.18196000000E+03 0.99999999900E+99 0.77790715749E-02
 0.18211000000E+03 0.99999999900E+99 0.79977848206E-02
 0.18226000000E+03 0.99999999900E+99 0.82222769592E-02
 0.18241000000E+03 0.99999999900E+99 0.84526906156E-02
 0.18256000000E+03 0.99999999900E+99 0.86891716781E-02
 0.18271000000E+03 0.99999999900E+99 0.89318693663E-02
 0.18286000000E+03 0.99999999900E+99 0.91809363015E-02
 0.18301000000E+03 0.99999999900E+99 0.94365285778E-02
 0.18316000000E+03 0.99999999900E+99 0.96988058341E-02
 0.18331000000E+03 0.99999999900E+99 0.99679313287E-02
 0.18346000000E+03 0.99999999900E+99 0.10244072014E-01
 0.18361000000E+03 0.99999999900E+99 0.10527398614E-01
 0.18376000000E+03 0.99999999900E+99 0.10818085700E-01
 0.18391000000E+03 0.99999999900E+99 0.11116311775E-01
 0.18406000000E+03 0.99999999900E+99 0.11422259350E-01
 0.18421000000E+03 0.99999999900E+99 0.11736115029E-01
 0.18436000000E+03 0.99999999900E+99 0.12058069591E-01
 0.18451000000E+03 0.99999999900E+99 0.12388318081E-01
 0.18466000000E+03 0.99999999900E+99 0.12727059889E-01
 0.18481000000E+03 0.99999999900E+99 0.13074498848E-01
 0.18496000000E+03 0.99999999900E+99 0.13430843318E-01
 0.18511000000E+03 0.99999999900E+99 0.13796306279E-01
 0.18526000000E+03 0.99999999900E+99 0.14171105429E-01
 0.18541000000E+03 0.99999999900E+99 0.14555463277E-01
 0.18556000000E+03 0.99999999900E+99 0.14949607237E-01
 0.18571000000E+03 0.99999999900E+99 0.15353769734E-01
 0.18586000000E+03 0.99999999900E+99 0.15768188300E-01
 0.18601000000E+03 0.99999999900E+99 0.16193105679E-01
 0.18616000000E+03 0.99999999900E+99 0.16628769932E-01
 0.18631000000E+03 0.99999999900E+99 0.17075434541E-01
 0.18646000000E+03 0.99999999900E+99 0.17533358520E-01
 0.18661000000E+03 0.99999999900E+99 0.18002806526E-01
 0.18676000000E+03 0.99999999900E+99 0.18484048969E-01
 0.18691000000E+03 0.99999999900E+99 0.18977362128E-01
 0.18706000000E+03 0.99999999900E+99 0.19483028270E-01
 0.18721000000E+03 0.99999999900E+99 0.20001335762E-01
 0.18736000000E+03 0.99999999900E+99 0.20532579199E-01
 0.18751000000E+03 0.99999999900E+99 0.21077059523E-01
 0.18766000000E+03 0.99999999900E+99 0.21635084150E-01
 0.18781000000E+03 0.99999999900E+99 0.22206967096E-01
 0.18796000000E+03 0.99999999900E+99 0.22793029106E-01
 0.18811000000E+03 0.99999999900E+99 0.23393597788E-01
 0.18826000000E+03 0.99999999900E+99 0.24009007747E-01
 0.18841000000E+03 0.99999999900E+99 0.24639600721E-01
 0.18856000000E+03 0.99999999900E+99 0.25285725719E-01
 0.18871000000E+03 0.99999999900E+99 0.25947739164E-01
 0.18886000000E+03 0.99999999900E+99 0.26626005037E-01
 0.18901000000E+03 0.99999999900E+99 0.27320895022E-01
 0.18916000000E+03 0.99999999900E+99 0.28032788657E-01
 0.18931000000E+03 0.99999999900E+99 0.28762073484E-01
 0.18946000000E+03 0.99999999900E+99 0.29509145205E-01
 0.18961000000E+03 0.99999999900E+99 0.30274407836E-01
 0.18976000000E+03 0.99999999900E+99 0.31058273871E-01
 0.18991000000E+03 0.99999999900E+99 0.31861164440E-01
 0.19006000000E+03 0.99999999900E+99 0.32683509477E-01
 0.19021000000E+03 0.99999999900E+99 0.33525747887E-01
 0.19036000000E+03 0.99999999900E+99 0.34388327719E-01
 0.19051000000E+03 0.99999999900E+99 0.35271706336E-01
 0.19066000000E+03 0.99999999900E+99 0.36176350595E-01
 0.19081000000E+03 0.99999999900E+99 0.37102737026E-01
 0.19096000000E+03 0.99999999900E+99 0.38051352015E-01
 0.19111000000E+03 0.99999999900E+99 0.39022691990E-01
 0.19126000000E+03 0.99999999900E+99 0.40017263610E-01
 0.19141000000E+03 0.99999999900E+99 0.41035583957E-01
 0.19156000000E+03 0.99999999900E+99 0.42078180734E-01
 0.19171000000E+03 0.99999999900E+99 0.43145592461E-01
 0.19186000000E+03 0.99999999900E+99 0.44238368680E-01
 0.19201000000E+03 0.99999999900E+99 0.45357070158E-01
 0.19216000000E+03 0.99999999900E+99 0.46502269098E-01
 0.19231000000E+03 0.99999999900E+99 0.47674549352E-01
 0.19246000000E+03 0.99999999900E+99 0.48874506637E-01
 0.19261000000E+03 0.99999999900E+99 0.50102748751E-01
 0.19276000000E+03 0.99999999900E+99 0.51359895805E-01
 0.19291000000E+03 0.99999999900E+99 0.52646580442E-01
 0.19306000000E+03 0.99999999900E+99 0.53963448070E-01
 0.19321000000E+03 0.99999999900E+99 0.55311157102E-01
 0.19336000000E+03 0.99999999900E+99 0.56690379186E-01
 0.19351000000E+03 0.99999999900E+99 0.58101799456E-01
 0.19366000000E+03 0.99999999900E+99 0.59546116772E-01
 0.19381000000E+03 0.99999999900E+99 0.61024043975E-01
 0.19396000000E+03 0.99999999900E+99 0.62536308140E-01
 0.19411000000E+03 0.99999999900E+99 0.64083650834E-01
 0.19426000000E+03 0.99999999900E+99 0.65666828381E-01
 0.19441000000E+03 0.99999999900E+99 0.67286612129E-01
 0.19456000000E+03 0.99999999900E+99 0.68943788721E-01
 0.19471000000E+03 0.99999999900E+99 0.70639160370E-01
 0.19486000000E+03 0.99999999900E+99 0.72373545144E-01
 0.19501000000E+03 0.99999999900E+99 0.74147777245E-01
 0.19516000000E+03 0.99999999900E+99 0.75962707305E-01
 0.19531000000E+03 0.99999999900E+99 0.77819202674E-01
 0.19546000000E+03 0.99999999900E+99 0.79718147727E-01
 0.19561000000E+03 0.99999999900E+99 0.81660444158E-01
 0.19576000000E+03 0.99999999900E+99 0.83647011299E-01
 0.19591000000E+03 0.99999999900E+99 0.85678786426E-01
 0.19606000000E+03 0.99999999900E+99 0.87756725082E-01
 0.19621000000E+03 0.99999999900E+99 0.89881801398E-01
 0.19636000000E+03 0.99999999900E+99 0.92055008424E-01
 0.19651000000E+03 0.99999999900E+99 0.94277358462E-01
 0.19666000000E+03 0.99999999900E+99 0.96549883406E-01
 0.19681000000E+03 0.99999999900E+99 0.98873635086E-01
 0.19696000000E+03 0.99999999900E+99 0.10124968562E+00
 0.19711000000E+03 0.99999999900E+99 0.10367912776E+00
 0.19726000000E+03 0.99999999900E+99 0.10616307528E+00
 0.19741000000E+03 0.99999999900E+99 0.10870266330E+00
 0.19756000000E+03 0.99999999900E+99 0.11129904870E+00
 0.19771000000E+03 0.99999999900E+99 0.11395341048E+00
 0.19786000000E+03 0.99999999900E+99 0.11666695014E+00
 0.19801000000E+03 0.99999999900E+99 0.11944089207E+00
 0.19816000000E+03 0.99999999900E+99 0.12227648396E+00
 0.19831000000E+03 0.99999999900E+99 0.12517499720E+00
 0.19846000000E+03 0.99999999900E+99 0.12813772726E+00
 0.19861000000E+03 0.99999999900E+99 0.13116599417E+00
 0.19876000000E+03 0.99999999900E+99 0.13426114284E+00
 0.19891000000E+03 0.99999999900E+99 0.13742454361E+00
 0.19906000000E+03 0.99999999900E+99 0.14065759257E+00
 0.19921000000E+03 0.99999999900E+99 0.14396171207E+00
 0.19936000000E+03 0.99999999900E+99 0.14733835116E+00
 0.19951000000E+03 0.99999999900E+99 0.15078898602E+00
 0.19966000000E+03 0.99999999900E+99 0.15431512044E+00
 0.19981000000E+03 0.99999999900E+99 0.15791828629E+00
 0.19996000000E+03 0.99999999900E+99 0.16160004397E+00
 0.20011000000E+03 0.99999999900E+99 0.16536198292E+00
 0.20026000000E+03 0.99999999900E+99 0.16920572212E+00
 0.20041000000E+03 0.99999999900E+99 0.17313291053E+00
 0.20056000000E+03 0.99999999900E+99 0.17714522767E+00
 0.20071000000E+03 0.99999999900E+99 0.18124438407E+00
 0.20086000000E+03 0.99999999900E+99 0.18543212184E+00
 0.20101000000E+03 0.99999999900E+99 0.18971021514E+00
 0.20116000000E+03 0.99999999900E+99 0.19408047076E+00
 0.20131000000E+03 0.99999999900E+99 0.19854472867E+00
 0.20146000000E+03 0.99999999900E+99 0.20310486253E+00
 0.20161000000E+03 0.99999999900E+99 0.20776278028E+00
 0.20176000000E+03 0.99999999900E+99 0.21252042471E+00
 0.20191000000E+03 0.99999999900E+99 0.21737977400E+00
 0.20206000000E+03 0.99999999900E+99 0.22234284235E+00
 0.20221000000E+03 0.99999999900E+99 0.22741168056E+00
 0.20236000000E+03 0.99999999900E+99 0.23258837661E+00
 0.20251000000E+03 0.99999999900E+99 0.23787505630E+00
 0.20266000000E+03 0.99999999900E+99 0.24327388385E+00
 0.20281000000E+03 0.99999999900E+99 0.24878706253E+00
 0.20296000000E+03 0.99999999900E+99 0.25441683531E+00
 0.20311000000E+03 0.99999999900E+99 0.26016548550E+00
 0.20326000000E+03 0.99999999900E+99 0.26603533742E+00
 0.20341000000E+03 0.99999999900E+99 0.27202875702E+00
 0.20356000000E+03 0.99999999900E+99 0.27814815261E+00
 0.20371000000E+03 0.99999999900E+99 0.28439597553E+00
 0.20386000000E+03 0.99999999900E+99 0.29077472082E+00
 0.20401000000E+03 0.99999999900E+99 0.29728692796E+00
 0.20416000000E+03 0.99999999900E+99 0.30393518156E+00
 0.20431000000E+03 0.99999999900E+99 0.31072211209E+00
 0.20446000000E+03 0.99999999900E+99 0.31765039663E+00
 0.20461000000E+03 0.99999999900E+99 0.32472275961E+00
 0.20476000000E+03 0.99999999900E+99 0.33194197354E+00
 0.20491000000E+03 0.99999999900E+99 0.33931085982E+00
 0.20506000000E+03 0.99999999900E+99 0.34683228949E+00
 0.20521000000E+03 0.99999999900E+99 0.35450918405E+00
 0.20536000000E+03 0.99999999900E+99 0.36234451620E+00
 0.20551000000E+03 0.99999999900E+99 0.37034131072E+00
 0.20566000000E+03 0.99999999900E+99 0.37850264525E+00
 0.20581000000E+03 0.99999999900E+99 0.38683165115E+00
 0.20596000000E+03 0.99999999900E+99 0.39533151432E+00
 0.20611000000E+03 0.99999999900E+99 0.40400547608E+00
 0.20626000000E+03 0.99999999900E+99 0.41285683404E+00
 0.20641000000E+03 0.99999999900E+99 0.42188894295E+00
 0.20656000000E+03 0.99999999900E+99 0.43110521565E+00
 0.20671000000E+03 0.99999999900E+99 0.44050912391E+00
 0.20686000000E+03 0.99999999900E+99 0.45010419943E+00
 0.20701000000E+03 0.99999999900E+99 0.45989403470E+00
 0.20716000000E+03 0.99999999900E+99 0.46988228395E+00
 0.20731000000E+03 0.99999999900E+99 0.48007266418E+00
 0.20746000000E+03 0.99999999900E+99 0.49046895605E+00
 0.20761000000E+03 0.99999999900E+99 0.50107500488E+00
 0.20776000000E+03 0.99999999900E+99 0.51189472170E+00
 0.20791000000E+03 0.99999999900E+99 0.52293208420E+00
 0.20806000000E+03 0.99999999900E+99 0.53419113778E+00
 0.20821000000E+03 0.99999999900E+99 0.54567599658E+00
 0.20836000000E+03 0.99999999900E+99 0.55739084457E+00
 0.20851000000E+03 0.99999999900E+99 0.56933993655E+00
 0.20866000000E+03 0.99999999900E+99 0.58152759929E+00
 0.20881000000E+03 0.99999999900E+99 0.59395823260E+00
 0.20896000000E+03 0.99999999900E+99 0.60663631045E+00
 0.20911000000E+03 0.99999999900E+99 0.61956638208E+00
 0.20926000000E+03 0.99999999900E+99 0.63275307316E+00
 0.20941000000E+03 0.99999999900E+99 0.64620108694E+00
 0.20956000000E+03 0.99999999900E+99 0.65991520543E+00
 0.20971000000E+03 0.99999999900E+99 0.67390029055E+00
 0.20986000000E+03 0.99999999900E+99 0.68816128538E+00
 0.21001000000E+03 0.99999999900E+99 0.70270321536E+00
 0.21016000000E+03 0.99999999900E+99 0.71753118951E+00
 0.21031000000E+03 0.99999999900E+99 0.73265040171E+00
 0.21046000000E+03 0.99999999900E+99 0.74806613195E+00
 0.21061000000E+03 0.99999999900E+99 0.76378374760E+00
 0.21076000000E+03 0.99999999900E+99 0.77980870475E+00
 0.21091000000E+03 0.99999999900E+99 0.79614654951E+00
 0.21106000000E+03 0.99999999900E+99 0.81280291932E+00
 0.21121000000E+03 0.99999999900E+99 0.82978354434E+00
 0.21136000000E+03 0.99999999900E+99 0.84709424882E+00
 0.21151000000E+03 0.99999999900E+99 0.86474095244E+00
 0.21166000000E+03 0.99999999900E+99 0.88272967179E+00
 0.21181000000E+03 0.99999999900E+99 0.90106652174E+00
 0.21196000000E+03 0.99999999900E+99 0.91975771688E+00
 0.21211000000E+03 0.99999999900E+99 0.93880957305E+00
 0.21226000000E+03 0.99999999900E+99 0.95822850872E+00
 0.21241000000E+03 0.99999999900E+99 0.97802104658E+00
 0.21256000000E+03 0.99999999900E+99 0.99819381501E+00
 0.21271000000E+03 0.99999999900E+99 0.10187535496E+01
 0.21286000000E+03 0.99999999900E+99 0.10397070948E+01
 0.21301000000E+03 0.99999999900E+99 0.10610614054E+01
 0.21316000000E+03 0.99999999900E+99 0.10828235482E+01
 0.21331000000E+03 0.99999999900E+99 0.11050007035E+01
 0.21346000000E+03 0.99999999900E+99 0.11276001669E+01
 0.21361000000E+03 0.99999999900E+99 0.11506293509E+01
 0.21376000000E+03 0.99999999900E+99 0.11740957865E+01
 0.21391000000E+03 0.99999999900E+99 0.11980071251E+01
 0.21406000000E+03 0.99999999900E+99 0.12223711400E+01
 0.21421000000E+03 0.99999999900E+99 0.12471957282E+01
 0.21436000000E+03 0.99999999900E+99 0.12724889124E+01
 0.21451000000E+03 0.99999999900E+99 0.12982588424E+01
 0.21466000000E+03 0.99999999900E+99 0.13245137972E+01
 0.21481000000E+03 0.99999999900E+99 0.13512621867E+01
 0.21496000000E+03 0.99999999900E+99 0.13785125537E+01
 0.21511000000E+03 0.99999999900E+99 0.14062735755E+01
 0.21526000000E+03 0.99999999900E+99 0.14345540662E+01
 0.21541000000E+03 0.99999999900E+99 0.14633629782E+01
 0.21556000000E+03 0.99999999900E+99 0.14927094044E+01
 0.21571000000E+03 0.99999999900E+99 0.15226025804E+01
 0.21586000000E+03 0.99999999900E+99 0.15530518858E+01
 0.21601000000E+03 0.99999999900E+99 0.15840668471E+01
 0.21616000000E+03 0.99999999900E+99 0.16156571389E+01
 0.21631000000E+03 0.99999999900E+99 0.16478325866E+01
 0.21646000000E+03 0.99999999900E+99 0.16806031683E+01
 0.21661000000E+03 0.99999999900E+99 0.17139790168E+01
 0.21676000000E+03 0.99999999900E+99 0.17479704219E+01
 0.21691000000E+03 0.99999999900E+99 0.17825878325E+01
 0.21706000000E+03 0.99999999900E+99 0.18178418589E+01
 0.21721000000E+03 0.99999999900E+99 0.18537432748E+01
 0.21736000000E+03 0.99999999900E+99 0.18903030198E+01
 0.21751000000E+03 0.99999999900E+99 0.19275322017E+01
 0.21766000000E+03 0.99999999900E+99 0.19654420985E+01
 0.21781000000E+03 0.99999999900E+99 0.20040441612E+01
 0.21796000000E+03 0.99999999900E+99 0.20433500157E+01
 0.21811000000E+03 0.99999999900E+99 0.20833714654E+01
 0.21826000000E+03 0.99999999900E+99 0.21241204938E+01
 0.21841000000E+03 0.99999999900E+99 0.21656092666E+01
 0.21856000000E+03 0.99999999900E+99 0.22078501345E+01
 0.21871000000E+03 0.99999999900E+99 0.22508556355E+01
 0.21886000000E+03 0.99999999900E+99 0.22946384975E+01
 0.21901000000E+03 0.99999999900E+99 0.23392116410E+01
 0.21916000000E+03 0.99999999900E+99 0.23845881813E+01
 0.21931000000E+03 0.99999999900E+99 0.24307814317E+01
 0.21946000000E+03 0.99999999900E+99 0.24778049059E+01
 0.21961000000E+03 0.99999999900E+99 0.25256723203E+01
 0.21976000000E+03 0.99999999900E+99 0.25743975976E+01
 0.21991000000E+03 0.99999999900E+99 0.26239948686E+01
 0.22006000000E+03 0.99999999900E+99 0.26744784756E+01
 0.22021000000E+03 0.99999999900E+99 0.27258629753E+01
 0.22036000000E+03 0.99999999900E+99 0.27781631410E+01
 0.22051000000E+03 0.99999999900E+99 0.28313939662E+01
 0.22066000000E+03 0.99999999900E+99 0.28855706671E+01
 0.22081000000E+03 0.99999999900E+99 0.29407086857E+01
 0.22096000000E+03 0.99999999900E+99 0.29968236927E+01
 0.22111000000E+03 0.99999999900E+99 0.30539315908E+01
 0.22126000000E+03 0.99999999900E+99 0.31120485173E+01
 0.22141000000E+03 0.99999999900E+99 0.31711908475E+01
 0.22156000000E+03 0.99999999900E+99 0.32313751979E+01
 0.22171000000E+03 0.99999999900E+99 0.32926184290E+01
 0.22186000000E+03 0.99999999900E+99 0.33549376490E+01
 0.22201000000E+03 0.99999999900E+99 0.34183502165E+01
 0.22216000000E+03 0.99999999900E+99 0.34828737441E+01
 0.22231000000E+03 0.99999999900E+99 0.35485261019E+01
 0.22246000000E+03 0.99999999900E+99 0.36153254202E+01
 0.22261000000E+03 0.99999999900E+99 0.36832900935E+01
 0.22276000000E+03 0.99999999900E+99 0.37524387837E+01
 0.22291000000E+03 0.99999999900E+99 0.38227904236E+01
 0.22306000000E+03 0.99999999900E+99 0.38943642202E+01
 0.22321000000E+03 0.99999999900E+99 0.39671796585E+01
 0.22336000000E+03 0.99999999900E+99 0.40412565051E+01
 0.22351000000E+03 0.99999999900E+99 0.41166148114E+01
 0.22366000000E+03 0.99999999900E+99 0.41932749178E+01
 0.22381000000E+03 0.99999999900E+99 0.42712574572E+01
 0.22396000000E+03 0.99999999900E+99 0.43505833585E+01
 0.22411000000E+03 0.99999999900E+99 0.44312738508E+01
 0.22426000000E+03 0.99999999900E+99 0.45133504668E+01
 0.22441000000E+03 0.99999999900E+99 0.45968350470E+01
 0.22456000000E+03 0.99999999900E+99 0.46817497434E+01
 0.22471000000E+03 0.99999999900E+99 0.47681170238E+01
 0.22486000000E+03 0.99999999900E+99 0.48559596751E+01
 0.22501000000E+03 0.99999999900E+99 0.49453008082E+01
 0.22516000000E+03 0.99999999900E+99 0.50361638614E+01
 0.22531000000E+03 0.99999999900E+99 0.51285726048E+01
 0.22546000000E+03 0.99999999900E+99 0.52225511445E+01
 0.22561000000E+03 0.99999999900E+99 0.53181239269E+01
 0.22576000000E+03 0.99999999900E+99 0.54153157426E+01
 0.22591000000E+03 0.99999999900E+99 0.55141517312E+01
 0.22606000000E+03 0.99999999900E+99 0.56146573851E+01
 0.22621000000E+03 0.99999999900E+99 0.57168585546E+01
 0.22636000000E+03 0.99999999900E+99 0.58207814517E+01
 0.22651000000E+03 0.99999999900E+99 0.59264526549E+01
 0.22666000000E+03 0.99999999900E+99 0.60338991137E+01
 0.22681000000E+03 0.99999999900E+99 0.61431481532E+01
 0.22696000000E+03 0.99999999900E+99 0.62542274789E+01
 0.22711000000E+03 0.99999999900E+99 0.63671651811E+01
 0.22726000000E+03 0.99999999900E+99 0.64819897398E+01
 0.22741000000E+03 0.99999999900E+99 0.65987300296E+01
 0.22756000000E+03 0.99999999900E+99 0.67174153241E+01
 0.22771000000E+03 0.99999999900E+99 0.68380753017E+01
 0.22786000000E+03 0.99999999900E+99 0.69607400494E+01
 0.22801000000E+03 0.99999999900E+99 0.70854400687E+01
 0.22816000000E+03 0.99999999900E+99 0.72122062803E+01
 0.22831000000E+03 0.99999999900E+99 0.73410700291E+01
 0.22846000000E+03 0.99999999900E+99 0.74720630897E+01
 0.22861000000E+03 0.99999999900E+99 0.76052176713E+01
 0.22876000000E+03 0.99999999900E+99 0.77405664231E+01
 0.22891000000E+03 0.99999999900E+99 0.78781424395E+01
 0.22906000000E+03 0.99999999900E+99 0.80179792658E+01
 0.22921000000E+03 0.99999999900E+99 0.81601109032E+01
 0.22936000000E+03 0.99999999900E+99 0.83045718147E+01
 0.22951000000E+03 0.99999999900E+99 0.84513969304E+01
 0.22966000000E+03 0.99999999900E+99 0.86006216531E+01
 0.22981000000E+03 0.99999999900E+99 0.87522818641E+01
 0.22996000000E+03 0.99999999900E+99 0.89064139288E+01
 0.23011000000E+03 0.99999999900E+99 0.90630547026E+01
 0.23026000000E+03 0.99999999900E+99 0.92222415365E+01
 0.23041000000E+03 0.99999999900E+99 0.93840122834E+01
 0.23056000000E+03 0.99999999900E+99 0.95484053038E+01
 0.23071000000E+03 0.99999999900E+99 0.97154594716E+01
 0.23086000000E+03 0.99999999900E+99 0.98852141807E+01
 0.23101000000E+03 0.99999999900E+99 0.10057709351E+02
 0.23116000000E+03 0.99999999900E+99 0.10232985434E+02
 0.23131000000E+03 0.99999999900E+99 0.10411083419E+02
 0.23146000000E+03 0.99999999900E+99 0.10592044842E+02
 0.23161000000E+03 0.99999999900E+99 0.10775911789E+02
 0.23176000000E+03 0.99999999900E+99 0.10962726902E+02
 0.23191000000E+03 0.99999999900E+99 0.11152533390E+02
 0.23206000000E+03 0.99999999900E+99 0.11345375030E+02
 0.23221000000E+03 0.99999999900E+99 0.11541296178E+02
 0.23236000000E+03 0.99999999900E+99 0.11740341773E+02
 0.23251000000E+03 0.99999999900E+99 0.11942557345E+02
 0.23266000000E+03 0.99999999900E+99 0.12147989023E+02
 0.23281000000E+03 0.99999999900E+99 0.12356683538E+02
 0.23296000000E+03 0.99999999900E+99 0.12568688235E+02
 0.23311000000E+03 0.99999999900E+99 0.12784051077E+02
 0.23326000000E+03 0.99999999900E+99 0.13002820652E+02
 0.23341000000E+03 0.99999999900E+99 0.13225046181E+02
 0.23356000000E+03 0.99999999900E+99 0.13450777527E+02
 0.23371000000E+03 0.20009104027E+02 0.13680065198E+02
 0.23386000000E+03 0.20322299026E+02 0.13912960360E+02
 0.23401000000E+03 0.20639842690E+02 0.14149514838E+02
 0.23416000000E+03 0.20961810374E+02 0.14389781130E+02
 0.23431000000E+03 0.21288268346E+02 0.14633812411E+02
 0.23446000000E+03 0.21619279585E+02 0.14881662540E+02
 0.23461000000E+03 0.21954905663E+02 0.15133386071E+02
 0.23476000000E+03 0.22295207571E+02 0.15389038258E+02
 0.23491000000E+03 0.22640246147E+02 0.15648675065E+02
 0.23506000000E+03 0.22990082329E+02 0.15912353171E+02
 0.23521000000E+03 0.23344777308E+02 0.16180129983E+02
 0.23536000000E+03 0.23704392632E+02 0.16452063638E+02
 0.23551000000E+03 0.24068990280E+02 0.16728213018E+02
 0.23566000000E+03 0.24438632717E+02 0.17008637751E+02
 0.23581000000E+03 0.24813382928E+02 0.17293398226E+02
 0.23596000000E+03 0.25193304461E+02 0.17582555599E+02
 0.23611000000E+03 0.25578461441E+02 0.17876171799E+02
 0.23626000000E+03 0.25968918600E+02 0.18174309541E+02
 0.23641000000E+03 0.26364741292E+02 0.18477032332E+02
 0.23656000000E+03 0.26765995508E+02 0.18784404479E+02
 0.23671000000E+03 0.27172747891E+02 0.19096491102E+02
 0.23686000000E+03 0.27585065750E+02 0.19413358139E+02
 0.23701000000E+03 0.28003017070E+02 0.19735072355E+02
 0.23716000000E+03 0.28426670521E+02 0.20061701356E+02
 0.23731000000E+03 0.28856095473E+02 0.20393313591E+02
 0.23746000000E+03 0.29291361998E+02 0.20729978368E+02
 0.23761000000E+03 0.29732540889E+02 0.21071765860E+02
 0.23776000000E+03 0.30179703658E+02 0.21418747113E+02
 0.23791000000E+03 0.30632922553E+02 0.21770994059E+02
 0.23806000000E+03 0.31092270561E+02 0.22128579526E+02
 0.23821000000E+03 0.31557821418E+02 0.22491577243E+02
 0.23836000000E+03 0.32029649617E+02 0.22860061854E+02
 0.23851000000E+03 0.32507830415E+02 0.23234108929E+02
 0.23866000000E+03 0.32992439840E+02 0.23613794967E+02
 0.23881000000E+03 0.33483554701E+02 0.23999197416E+02
 0.23896000000E+03 0.33981252591E+02 0.24390394676E+02
 0.23911000000E+03 0.34485611900E+02 0.24787466111E+02
 0.23926000000E+03 0.34996711818E+02 0.25190492060E+02
 0.23941000000E+03 0.35514632344E+02 0.25599553850E+02
 0.23956000000E+03 0.36039454294E+02 0.26014733800E+02
 0.23971000000E+03 0.36571259306E+02 0.26436115239E+02
 0.23986000000E+03 0.37110129850E+02 0.26863782512E+02
 0.24001000000E+03 0.37656149233E+02 0.27297820992E+02
 0.24016000000E+03 0.38209401608E+02 0.27738317094E+02
 0.24031000000E+03 0.38769971980E+02 0.28185358280E+02
 0.24046000000E+03 0.39337946215E+02 0.28639033076E+02
 0.24061000000E+03 0.39913411046E+02 0.29099431080E+02
 0.24076000000E+03 0.40496454079E+02 0.29566642976E+02
 0.24091000000E+03 0.41087163803E+02 0.30040760540E+02
 0.24106000000E+03 0.41685629598E+02 0.30521876660E+02
 0.24121000000E+03 0.42291941739E+02 0.31010085341E+02
 0.24136000000E+03 0.42906191405E+02 0.31505481718E+02
 0.24151000000E+03 0.43528470688E+02 0.32008162071E+02
 0.24166000000E+03 0.44158872598E+02 0.32518223834E+02
 0.24181000000E+03 0.44797491074E+02 0.33035765607E+02
 0.24196000000E+03 0.45444420987E+02 0.33560887170E+02
 0.24211000000E+03 0.46099758153E+02 0.34093689496E+02
 0.24226000000E+03 0.46763599333E+02 0.34634274760E+02
 0.24241000000E+03 0.47436042252E+02 0.35182746355E+02
 0.24256000000E+03 0.48117185594E+02 0.35739208901E+02
 0.24271000000E+03 0.48807129020E+02 0.36303768262E+02
 0.24286000000E+03 0.49505973171E+02 0.36876531557E+02
 0.24301000000E+03 0.50213819676E+02 0.37457607172E+02
 0.24316000000E+03 0.50930771161E+02 0.38047104774E+02
 0.24331000000E+03 0.51656931257E+02 0.38645135326E+02
 0.24346000000E+03 0.52392404608E+02 0.39251811095E+02
 0.24361000000E+03 0.53137296877E+02 0.39867245673E+02
 0.24376000000E+03 0.53891714758E+02 0.40491553983E+02
 0.24391000000E+03 0.54655765981E+02 0.41124852300E+02
 0.24406000000E+03 0.55429559321E+02 0.41767258259E+02
 0.24421000000E+03 0.56213204606E+02 0.42418890870E+02
 0.24436000000E+03 0.57006812727E+02 0.43079870535E+02
 0.24451000000E+03 0.57810495644E+02 0.43750319060E+02
 0.24466000000E+03 0.58624366396E+02 0.44430359668E+02
 0.24481000000E+03 0.59448539109E+02 0.45120117018E+02
 0.24496000000E+03 0.60283129003E+02 0.45819717214E+02
 0.24511000000E+03 0.61128252403E+02 0.46529287822E+02
 0.24526000000E+03 0.61984026746E+02 0.47248957886E+02
 0.24541000000E+03 0.62850570591E+02 0.47978857942E+02
 0.24556000000E+03 0.63728003626E+02 0.48719120032E+02
 0.24571000000E+03 0.64616446677E+02 0.49469877721E+02
 0.24586000000E+03 0.65516021718E+02 0.50231266111E+02
 0.24601000000E+03 0.66426851879E+02 0.51003421856E+02
 0.24616000000E+03 0.67349061454E+02 0.51786483179E+02
 0.24631000000E+03 0.68282775911E+02 0.52580589887E+02
 0.24646000000E+03 0.69228121903E+02 0.53385883387E+02
 0.24661000000E+03 0.70185227271E+02 0.54202506701E+02
 0.24676000000E+03 0.71154221061E+02 0.55030604482E+02
 0.24691000000E+03 0.72135233525E+02 0.55870323034E+02
 0.24706000000E+03 0.73128396138E+02 0.56721810322E+02
 0.24721000000E+03 0.74133841601E+02 0.57585215995E+02
 0.24736000000E+03 0.75151703852E+02 0.58460691396E+02
 0.24751000000E+03 0.76182118079E+02 0.59348389585E+02
 0.24766000000E+03 0.77225220724E+02 0.60248465351E+02
 0.24781000000E+03 0.78281149496E+02 0.61161075232E+02
 0.24796000000E+03 0.79350043377E+02 0.62086377533E+02
 0.24811000000E+03 0.80432042637E+02 0.63024532338E+02
 0.24826000000E+03 0.81527288838E+02 0.63975701534E+02
 0.24841000000E+03 0.82635924847E+02 0.64940048824E+02
 0.24856000000E+03 0.83758094845E+02 0.65917739747E+02
 0.24871000000E+03 0.84893944335E+02 0.66908941695E+02
 0.24886000000E+03 0.86043620154E+02 0.67913823930E+02
 0.24901000000E+03 0.87207270483E+02 0.68932557607E+02
 0.24916000000E+03 0.88385044854E+02 0.69965315786E+02
 0.24931000000E+03 0.89577094163E+02 0.71012273452E+02
 0.24946000000E+03 0.90783570680E+02 0.72073607537E+02
 0.24961000000E+03 0.92004628054E+02 0.73149496937E+02
 0.24976000000E+03 0.93240421331E+02 0.74240122528E+02
 0.24991000000E+03 0.94491106959E+02 0.75345667190E+02
 0.25006000000E+03 0.95756842797E+02 0.76466315823E+02
 0.25021000000E+03 0.97037788131E+02 0.77602255366E+02
 0.25036000000E+03 0.98334103678E+02 0.78753674819E+02
 0.25051000000E+03 0.99645951602E+02 0.79920765260E+02
 0.25066000000E+03 0.10097349552E+03 0.81103719869E+02
 0.25081000000E+03 0.10231690051E+03 0.82302733941E+02
 0.25096000000E+03 0.10367633313E+03 0.83518004914E+02
 0.25111000000E+03 0.10505196144E+03 0.84749732383E+02
 0.25126000000E+03 0.10644395496E+03 0.85998118126E+02
 0.25141000000E+03 0.10785248474E+03 0.87263366118E+02
 0.25156000000E+03 0.10927772336E+03 0.88545682559E+02
 0.25171000000E+03 0.11071984490E+03 0.89845275890E+02
 0.25186000000E+03 0.11217902500E+03 0.91162356814E+02
 0.25201000000E+03 0.11365544086E+03 0.92497138321E+02
 0.25216000000E+03 0.11514927120E+03 0.93849835708E+02
 0.25231000000E+03 0.11666069637E+03 0.95220666598E+02
 0.25246000000E+03 0.11818989825E+03 0.96609850964E+02
 0.25261000000E+03 0.11973706034E+03 0.98017611152E+02
 0.25276000000E+03 0.12130236776E+03 0.99444171900E+02
 0.25291000000E+03 0.12288600722E+03 0.10088976036E+03
 0.25306000000E+03 0.12448816706E+03 0.10235460614E+03
 0.25321000000E+03 0.12610903729E+03 0.10383894127E+03
 0.25336000000E+03 0.12774880954E+03 0.10534300031E+03
 0.25351000000E+03 0.12940767712E+03 0.10686702030E+03
 0.25366000000E+03 0.13108583499E+03 0.10841124082E+03
 0.25381000000E+03 0.13278347983E+03 0.10997590399E+03
 0.25396000000E+03 0.13450080998E+03 0.11156125452E+03
 0.25411000000E+03 0.13623802553E+03 0.11316753972E+03
 0.25426000000E+03 0.13799532826E+03 0.11479500951E+03
 0.25441000000E+03 0.13977292168E+03 0.11644391649E+03
 0.25456000000E+03 0.14157101107E+03 0.11811451591E+03
 0.25471000000E+03 0.14338980344E+03 0.11980706571E+03
 0.25486000000E+03 0.14522950758E+03 0.12152182656E+03
 0.25501000000E+03 0.14709033406E+03 0.12325906190E+03
 0.25516000000E+03 0.14897249524E+03 0.12501903790E+03
 0.25531000000E+03 0.15087620528E+03 0.12680202356E+03
 0.25546000000E+03 0.15280168016E+03 0.12860829068E+03
 0.25561000000E+03 0.15474913769E+03 0.13043811393E+03
 0.25576000000E+03 0.15671879752E+03 0.13229177084E+03
 0.25591000000E+03 0.15871088115E+03 0.13416954183E+03
 0.25606000000E+03 0.16072561193E+03 0.13607171027E+03
 0.25621000000E+03 0.16276321513E+03 0.13799856245E+03
 0.25636000000E+03 0.16482391786E+03 0.13995038768E+03
 0.25651000000E+03 0.16690794917E+03 0.14192747823E+03
 0.25666000000E+03 0.16901554000E+03 0.14393012943E+03
 0.25681000000E+03 0.17114692323E+03 0.14595863967E+03
 0.25696000000E+03 0.17330233368E+03 0.14801331041E+03
 0.25711000000E+03 0.17548200813E+03 0.15009444623E+03
 0.25726000000E+03 0.17768618530E+03 0.15220235486E+03
 0.25741000000E+03 0.17991510592E+03 0.15433734720E+03
 0.25756000000E+03 0.18216901269E+03 0.15649973733E+03
 0.25771000000E+03 0.18444815033E+03 0.15868984257E+03
 0.25786000000E+03 0.18675276557E+03 0.16090798348E+03
 0.25801000000E+03 0.18908310716E+03 0.16315448393E+03
 0.25816000000E+03 0.19143942591E+03 0.16542967108E+03
 0.25831000000E+03 0.19382197468E+03 0.16773387543E+03
 0.25846000000E+03 0.19623100841E+03 0.17006743087E+03
 0.25861000000E+03 0.19866678411E+03 0.17243067467E+03
 0.25876000000E+03 0.20112956090E+03 0.17482394753E+03
 0.25891000000E+03 0.20361959999E+03 0.17724759362E+03
 0.25906000000E+03 0.20613716473E+03 0.17970196060E+03
 0.25921000000E+03 0.20868252061E+03 0.18218739964E+03
 0.25936000000E+03 0.21125593526E+03 0.18470426548E+03
 0.25951000000E+03 0.21385767849E+03 0.18725291641E+03
 0.25966000000E+03 0.21648802226E+03 0.18983371436E+03
 0.25981000000E+03 0.21914724076E+03 0.19244702491E+03
 0.25996000000E+03 0.22183561036E+03 0.19509321727E+03
 0.26011000000E+03 0.22455340965E+03 0.19777266442E+03
 0.26026000000E+03 0.22730091946E+03 0.20048574302E+03
 0.26041000000E+03 0.23007842287E+03 0.20323283355E+03
 0.26056000000E+03 0.23288620522E+03 0.20601432027E+03
 0.26071000000E+03 0.23572455413E+03 0.20883059126E+03
 0.26086000000E+03 0.23859375950E+03 0.21168203851E+03
 0.26101000000E+03 0.24149411354E+03 0.21456905788E+03
 0.26116000000E+03 0.24442591077E+03 0.21749204917E+03
 0.26131000000E+03 0.24738944807E+03 0.22045141617E+03
 0.26146000000E+03 0.25038502462E+03 0.22344756665E+03
 0.26161000000E+03 0.25341294202E+03 0.22648091243E+03
 0.26176000000E+03 0.25647350419E+03 0.22955186938E+03
 0.26191000000E+03 0.25956701747E+03 0.23266085751E+03
 0.26206000000E+03 0.26269379061E+03 0.23580830095E+03
 0.26221000000E+03 0.26585413477E+03 0.23899462800E+03
 0.26236000000E+03 0.26904836355E+03 0.24222027117E+03
 0.26251000000E+03 0.27227679298E+03 0.24548566725E+03
 0.26266000000E+03 0.27553974158E+03 0.24879125726E+03
 0.26281000000E+03 0.27883753033E+03 0.25213748657E+03
 0.26296000000E+03 0.28217048272E+03 0.25552480490E+03
 0.26311000000E+03 0.28553892475E+03 0.25895366636E+03
 0.26326000000E+03 0.28894318492E+03 0.26242452947E+03
 0.26341000000E+03 0.29238359429E+03 0.26593785724E+03
 0.26356000000E+03 0.29586048647E+03 0.26949411716E+03
 0.26371000000E+03 0.29937419764E+03 0.27309378127E+03
 0.26386000000E+03 0.30292506657E+03 0.27673732618E+03
 0.26401000000E+03 0.30651343462E+03 0.28042523311E+03
 0.26416000000E+03 0.31013964576E+03 0.28415798795E+03
 0.26431000000E+03 0.31380404662E+03 0.28793608126E+03
 0.26446000000E+03 0.31750698644E+03 0.29176000834E+03
 0.26461000000E+03 0.32124881716E+03 0.29563026925E+03
 0.26476000000E+03 0.32502989336E+03 0.29954736886E+03
 0.26491000000E+03 0.32885057234E+03 0.30351181690E+03
 0.26506000000E+03 0.33271121411E+03 0.30752412796E+03
 0.26521000000E+03 0.33661218138E+03 0.31158482158E+03
 0.26536000000E+03 0.34055383963E+03 0.31569442226E+03
 0.26551000000E+03 0.34453655708E+03 0.31985345950E+03
 0.26566000000E+03 0.34856070472E+03 0.32406246785E+03
 0.26581000000E+03 0.35262665635E+03 0.32832198695E+03
 0.26596000000E+03 0.35673478856E+03 0.33263256158E+03
 0.26611000000E+03 0.36088548075E+03 0.33699474168E+03
 0.26626000000E+03 0.36507911519E+03 0.34140908241E+03
 0.26641000000E+03 0.36931607696E+03 0.34587614417E+03
 0.26656000000E+03 0.37359675405E+03 0.35039649268E+03
 0.26671000000E+03 0.37792153731E+03 0.35497069900E+03
 0.26686000000E+03 0.38229082052E+03 0.35959933955E+03
 0.26701000000E+03 0.38670500034E+03 0.36428299619E+03
 0.26716000000E+03 0.39116447640E+03 0.36902225627E+03
 0.26731000000E+03 0.39566965127E+03 0.37381771263E+03
 0.26746000000E+03 0.40022093048E+03 0.37866996367E+03
 0.26761000000E+03 0.40481872257E+03 0.38357961340E+03
 0.26776000000E+03 0.40946343905E+03 0.38854727148E+03
 0.26791000000E+03 0.41415549449E+03 0.39357355326E+03
 0.26806000000E+03 0.41889530644E+03 0.39865907981E+03
 0.26821000000E+03 0.42368329557E+03 0.40380447802E+03
 0.26836000000E+03 0.42851988556E+03 0.40901038057E+03
 0.26851000000E+03 0.43340550321E+03 0.41427742604E+03
 0.26866000000E+03 0.43834057843E+03 0.41960625893E+03
 0.26881000000E+03 0.44332554423E+03 0.42499752969E+03
 0.26896000000E+03 0.44836083677E+03 0.43045189480E+03
 0.26911000000E+03 0.45344689535E+03 0.43597001679E+03
 0.26926000000E+03 0.45858416248E+03 0.44155256433E+03
 0.26941000000E+03 0.46377308382E+03 0.44720021221E+03
 0.26956000000E+03 0.46901410826E+03 0.45291364145E+03
 0.26971000000E+03 0.47430768792E+03 0.45869353931E+03
 0.26986000000E+03 0.47965427815E+03 0.46454059936E+03
 0.27001000000E+03 0.48505433755E+03 0.47045552152E+03
 0.27016000000E+03 0.49050832804E+03 0.47643901211E+03
 0.27031000000E+03 0.49601671478E+03 0.48249178392E+03
 0.27046000000E+03 0.50157996630E+03 0.48861455621E+03
 0.27061000000E+03 0.50719855443E+03 0.49480805481E+03
 0.27076000000E+03 0.51287295434E+03 0.50107301215E+03
 0.27091000000E+03 0.51860364460E+03 0.50741016730E+03
 0.27106000000E+03 0.52439110714E+03 0.51382026607E+03
 0.27121000000E+03 0.53023582730E+03 0.52030406098E+03
 0.27136000000E+03 0.53613829385E+03 0.52686231138E+03
 0.27151000000E+03 0.54209899899E+03 0.53349578350E+03
 0.27166000000E+03 0.54811843838E+03 0.54020525043E+03
 0.27181000000E+03 0.55419711116E+03 0.54699149229E+03
 0.27196000000E+03 0.56033551996E+03 0.55385529615E+03
 0.27211000000E+03 0.56653417093E+03 0.56079745622E+03
 0.27226000000E+03 0.57279357375E+03 0.56781877378E+03
 0.27241000000E+03 0.57911424164E+03 0.57492005731E+03
 0.27256000000E+03 0.58549669140E+03 0.58210212254E+03
 0.27271000000E+03 0.59194144342E+03 0.58936579248E+03
 0.27286000000E+03 0.59844902167E+03 0.59671189745E+03
 0.27301000000E+03 0.60501995378E+03 0.60414127523E+03
 0.27316000000E+03 0.61165477101E+03 0.61165477101E+03
 0.27331000000E+03 0.61835400826E+03 0.99999999900E+99
 0.27346000000E+03 0.62511820415E+03 0.99999999900E+99
 0.27361000000E+03 0.63194790097E+03 0.99999999900E+99
 0.27376000000E+03 0.63884364474E+03 0.99999999900E+99
 0.27391000000E+03 0.64580598521E+03 0.99999999900E+99
 0.27406000000E+03 0.65283547591E+03 0.99999999900E+99
 0.27421000000E+03 0.65993267412E+03 0.99999999900E+99
 0.27436000000E+03 0.66709814093E+03 0.99999999900E+99
 0.27451000000E+03 0.67433244124E+03 0.99999999900E+99
 0.27466000000E+03 0.68163614378E+03 0.99999999900E+99
 0.27481000000E+03 0.68900982113E+03 0.99999999900E+99
 0.27496000000E+03 0.69645404977E+03 0.99999999900E+99
 0.27511000000E+03 0.70396941004E+03 0.99999999900E+99
 0.27526000000E+03 0.71155648621E+03 0.99999999900E+99
 0.27541000000E+03 0.71921586646E+03 0.99999999900E+99
 0.27556000000E+03 0.72694814296E+03 0.99999999900E+99
 0.27571000000E+03 0.73475391181E+03 0.99999999900E+99
 0.27586000000E+03 0.74263377312E+03 0.99999999900E+99
 0.27601000000E+03 0.75058833101E+03 0.99999999900E+99
 0.27616000000E+03 0.75861819362E+03 0.99999999900E+99
 0.27631000000E+03 0.76672397316E+03 0.99999999900E+99
 0.27646000000E+03 0.77490628588E+03 0.99999999900E+99
 0.27661000000E+03 0.78316575216E+03 0.99999999900E+99
 0.27676000000E+03 0.79150299644E+03 0.99999999900E+99
 0.27691000000E+03 0.79991864732E+03 0.99999999900E+99
 0.27706000000E+03 0.80841333756E+03 0.99999999900E+99
 0.27721000000E+03 0.81698770407E+03 0.99999999900E+99
 0.27736000000E+03 0.82564238795E+03 0.99999999900E+99
 0.27751000000E+03 0.83437803453E+03 0.99999999900E+99
 0.27766000000E+03 0.84319529334E+03 0.99999999900E+99
 0.27781000000E+03 0.85209481819E+03 0.99999999900E+99
 0.27796000000E+03 0.86107726716E+03 0.99999999900E+99
 0.27811000000E+03 0.87014330259E+03 0.99999999900E+99
 0.27826000000E+03 0.87929359118E+03 0.99999999900E+99
 0.27841000000E+03 0.88852880393E+03 0.99999999900E+99
 0.27856000000E+03 0.89784961621E+03 0.99999999900E+99
 0.27871000000E+03 0.90725670775E+03 0.99999999900E+99
 0.27886000000E+03 0.91675076270E+03 0.99999999900E+99
 0.27901000000E+03 0.92633246959E+03 0.99999999900E+99
 0.27916000000E+03 0.93600252143E+03 0.99999999900E+99
 0.27931000000E+03 0.94576161566E+03 0.99999999900E+99
 0.27946000000E+03 0.95561045421E+03 0.99999999900E+99
 0.27961000000E+03 0.96554974349E+03 0.99999999900E+99
 0.27976000000E+03 0.97558019447E+03 0.99999999900E+99
 0.27991000000E+03 0.98570252263E+03 0.99999999900E+99
 0.28006000000E+03 0.99591744802E+03 0.99999999900E+99
 0.28021000000E+03 0.10062256953E+04 0.99999999900E+99
 0.28036000000E+03 0.10166279937E+04 0.99999999900E+99
 0.28051000000E+03 0.10271250770E+04 0.99999999900E+99
 0.28066000000E+03 0.10377176839E+04 0.99999999900E+99
 0.28081000000E+03 0.10484065575E+04 0.99999999900E+99
 0.28096000000E+03 0.10591924457E+04 0.99999999900E+99
 0.28111000000E+03 0.10700761010E+04 0.99999999900E+99
 0.28126000000E+03 0.10810582808E+04 0.99999999900E+99
 0.28141000000E+03 0.10921397473E+04 0.99999999900E+99
 0.28156000000E+03 0.11033212672E+04 0.99999999900E+99
 0.28171000000E+03 0.11146036122E+04 0.99999999900E+99
 0.28186000000E+03 0.11259875588E+04 0.99999999900E+99
 0.28201000000E+03 0.11374738883E+04 0.99999999900E+99
 0.28216000000E+03 0.11490633869E+04 0.99999999900E+99
 0.28231000000E+03 0.11607568458E+04 0.99999999900E+99
 0.28246000000E+03 0.11725550608E+04 0.99999999900E+99
 0.28261000000E+03 0.11844588329E+04 0.99999999900E+99
 0.28276000000E+03 0.11964689679E+04 0.99999999900E+99
 0.28291000000E+03 0.12085862768E+04 0.99999999900E+99
 0.28306000000E+03 0.12208115753E+04 0.99999999900E+99
 0.28321000000E+03 0.12331456843E+04 0.99999999900E+99
 0.28336000000E+03 0.12455894297E+04 0.99999999900E+99
 0.28351000000E+03 0.12581436425E+04 0.99999999900E+99
 0.28366000000E+03 0.12708091587E+04 0.99999999900E+99
 0.28381000000E+03 0.12835868194E+04 0.99999999900E+99
 0.28396000000E+03 0.12964774710E+04 0.99999999900E+99
 0.28411000000E+03 0.13094819649E+04 0.99999999900E+99
 0.28426000000E+03 0.13226011577E+04 0.99999999900E+99
 0.28441000000E+03 0.13358359112E+04 0.99999999900E+99
 0.28456000000E+03 0.13491870924E+04 0.99999999900E+99
 0.28471000000E+03 0.13626555737E+04 0.99999999900E+99
 0.28486000000E+03 0.13762422325E+04 0.99999999900E+99
 0.28501000000E+03 0.13899479517E+04 0.99999999900E+99
 0.28516000000E+03 0.14037736194E+04 0.99999999900E+99
 0.28531000000E+03 0.14177201291E+04 0.99999999900E+99
 0.28546000000E+03 0.14317883796E+04 0.99999999900E+99
 0.28561000000E+03 0.14459792751E+04 0.99999999900E+99
 0.28576000000E+03 0.14602937253E+04 0.99999999900E+99
 0.28591000000E+03 0.14747326451E+04 0.99999999900E+99
 0.28606000000E+03 0.14892969550E+04 0.99999999900E+99
 0.28621000000E+03 0.15039875810E+04 0.99999999900E+99
 0.28636000000E+03 0.15188054546E+04 0.99999999900E+99
 0.28651000000E+03 0.15337515127E+04 0.99999999900E+99
 0.28666000000E+03 0.15488266977E+04 0.99999999900E+99
 0.28681000000E+03 0.15640319579E+04 0.99999999900E+99
 0.28696000000E+03 0.15793682467E+04 0.99999999900E+99
 0.28711000000E+03 0.15948365235E+04 0.99999999900E+99
 0.28726000000E+03 0.16104377532E+04 0.99999999900E+99
 0.28741000000E+03 0.16261729063E+04 0.99999999900E+99
 0.28756000000E+03 0.16420429591E+04 0.99999999900E+99
 0.28771000000E+03 0.16580488935E+04 0.99999999900E+99
 0.28786000000E+03 0.16741916971E+04 0.99999999900E+99
 0.28801000000E+03 0.16904723634E+04 0.99999999900E+99
 0.28816000000E+03 0.17068918915E+04 0.99999999900E+99
 0.28831000000E+03 0.17234512865E+04 0.99999999900E+99
 0.28846000000E+03 0.17401515591E+04 0.99999999900E+99
 0.28861000000E+03 0.17569937261E+04 0.99999999900E+99
 0.28876000000E+03 0.17739788098E+04 0.99999999900E+99
 0.28891000000E+03 0.17911078388E+04 0.99999999900E+99
 0.28906000000E+03 0.18083818473E+04 0.99999999900E+99
 0.28921000000E+03 0.18258018756E+04 0.99999999900E+99
 0.28936000000E+03 0.18433689700E+04 0.99999999900E+99
 0.28951000000E+03 0.18610841826E+04 0.99999999900E+99
 0.28966000000E+03 0.18789485717E+04 0.99999999900E+99
 0.28981000000E+03 0.18969632016E+04 0.99999999900E+99
 0.28996000000E+03 0.19151291426E+04 0.99999999900E+99
 0.29011000000E+03 0.19334474710E+04 0.99999999900E+99
 0.29026000000E+03 0.19519192695E+04 0.99999999900E+99
 0.29041000000E+03 0.19705456266E+04 0.99999999900E+99
 0.29056000000E+03 0.19893276372E+04 0.99999999900E+99
 0.29071000000E+03 0.20082664022E+04 0.99999999900E+99
 0.29086000000E+03 0.20273630288E+04 0.99999999900E+99
 0.29101000000E+03 0.20466186305E+04 0.99999999900E+99
 0.29116000000E+03 0.20660343269E+04 0.99999999900E+99
 0.29131000000E+03 0.20856112439E+04 0.99999999900E+99
 0.29146000000E+03 0.21053505139E+04 0.99999999900E+99
 0.29161000000E+03 0.21252532753E+04 0.99999999900E+99
 0.29176000000E+03 0.21453206732E+04 0.99999999900E+99
 0.29191000000E+03 0.21655538587E+04 0.99999999900E+99
 0.29206000000E+03 0.21859539897E+04 0.99999999900E+99
 0.29221000000E+03 0.22065222301E+04 0.99999999900E+99
 0.29236000000E+03 0.22272597507E+04 0.99999999900E+99
 0.29251000000E+03 0.22481677284E+04 0.99999999900E+99
 0.29266000000E+03 0.22692473468E+04 0.99999999900E+99
 0.29281000000E+03 0.22904997959E+04 0.99999999900E+99
 0.29296000000E+03 0.23119262724E+04 0.99999999900E+99
 0.29311000000E+03 0.23335279794E+04 0.99999999900E+99
 0.29326000000E+03 0.23553061268E+04 0.99999999900E+99
 0.29341000000E+03 0.23772619308E+04 0.99999999900E+99
 0.29356000000E+03 0.23993966146E+04 0.99999999900E+99
 0.29371000000E+03 0.24217114080E+04 0.99999999900E+99
 0.29386000000E+03 0.24442075472E+04 0.99999999900E+99
 0.29401000000E+03 0.24668862754E+04 0.99999999900E+99
 0.29416000000E+03 0.24897488426E+04 0.99999999900E+99
 0.29431000000E+03 0.25127965053E+04 0.99999999900E+99
 0.29446000000E+03 0.25360305270E+04 0.99999999900E+99
 0.29461000000E+03 0.25594521780E+04 0.99999999900E+99
 0.29476000000E+03 0.25830627354E+04 0.99999999900E+99
 0.29491000000E+03 0.26068634832E+04 0.99999999900E+99
 0.29506000000E+03 0.26308557122E+04 0.99999999900E+99
 0.29521000000E+03 0.26550407203E+04 0.99999999900E+99
 0.29536000000E+03 0.26794198122E+04 0.99999999900E+99
 0.29551000000E+03 0.27039942997E+04 0.99999999900E+99
 0.29566000000E+03 0.27287655013E+04 0.99999999900E+99
 0.29581000000E+03 0.27537347430E+04 0.99999999900E+99
 0.29596000000E+03 0.27789033575E+04 0.99999999900E+99
 0.29611000000E+03 0.28042726846E+04 0.99999999900E+99
 0.29626000000E+03 0.28298440712E+04 0.99999999900E+99
 0.29641000000E+03 0.28556188716E+04 0.99999999900E+99
 0.29656000000E+03 0.28815984468E+04 0.99999999900E+99
 0.29671000000E+03 0.29077841654E+04 0.99999999900E+99
 0.29686000000E+03 0.29341774029E+04 0.99999999900E+99
 0.29701000000E+03 0.29607795421E+04 0.99999999900E+99
 0.29716000000E+03 0.29875919732E+04 0.99999999900E+99
 0.29731000000E+03 0.30146160934E+04 0.99999999900E+99
 0.29746000000E+03 0.30418533075E+04 0.99999999900E+99
 0.29761000000E+03 0.30693050274E+04 0.99999999900E+99
 0.29776000000E+03 0.30969726725E+04 0.99999999900E+99
 0.29791000000E+03 0.31248576694E+04 0.99999999900E+99
 0.29806000000E+03 0.31529614524E+04 0.99999999900E+99
 0.29821000000E+03 0.31812854630E+04 0.99999999900E+99
 0.29836000000E+03 0.32098311501E+04 0.99999999900E+99
 0.29851000000E+03 0.32385999703E+04 0.99999999900E+99
 0.29866000000E+03 0.32675933875E+04 0.99999999900E+99
 0.29881000000E+03 0.32968128733E+04 0.99999999900E+99
 0.29896000000E+03 0.33262599068E+04 0.99999999900E+99
 0.29911000000E+03 0.33559359747E+04 0.99999999900E+99
 0.29926000000E+03 0.33858425712E+04 0.99999999900E+99
 0.29941000000E+03 0.34159811983E+04 0.99999999900E+99
 0.29956000000E+03 0.34463533655E+04 0.99999999900E+99
 0.29971000000E+03 0.34769605901E+04 0.99999999900E+99
 0.29986000000E+03 0.35078043971E+04 0.99999999900E+99
 0.30001000000E+03 0.35388863193E+04 0.99999999900E+99
 0.30016000000E+03 0.35702078971E+04 0.99999999900E+99
 0.30031000000E+03 0.36017706787E+04 0.99999999900E+99
 0.30046000000E+03 0.36335762204E+04 0.99999999900E+99
 0.30061000000E+03 0.36656260860E+04 0.99999999900E+99
 0.30076000000E+03 0.36979218474E+04 0.99999999900E+99
 0.30091000000E+03 0.37304650842E+04 0.99999999900E+99
 0.30106000000E+03 0.37632573842E+04 0.99999999900E+99
 0.30121000000E+03 0.37963003428E+04 0.99999999900E+99
 0.30136000000E+03 0.38295955637E+04 0.99999999900E+99
 0.30151000000E+03 0.38631446584E+04 0.99999999900E+99
 0.30166000000E+03 0.38969492465E+04 0.99999999900E+99
 0.30181000000E+03 0.39310109556E+04 0.99999999900E+99
 0.30196000000E+03 0.39653314214E+04 0.99999999900E+99
 0.30211000000E+03 0.39999122878E+04 0.99999999900E+99
 0.30226000000E+03 0.40347552067E+04 0.99999999900E+99
 0.30241000000E+03 0.40698618382E+04 0.99999999900E+99
 0.30256000000E+03 0.41052338506E+04 0.99999999900E+99
 0.30271000000E+03 0.41408729204E+04 0.99999999900E+99
 0.30286000000E+03 0.41767807324E+04 0.99999999900E+99
 0.30301000000E+03 0.42129589795E+04 0.99999999900E+99
 0.30316000000E+03 0.42494093631E+04 0.99999999900E+99
 0.30331000000E+03 0.42861335927E+04 0.99999999900E+99
 0.30346000000E+03 0.43231333864E+04 0.99999999900E+99
 0.30361000000E+03 0.43604104703E+04 0.99999999900E+99
 0.30376000000E+03 0.43979665793E+04 0.99999999900E+99
 0.30391000000E+03 0.44358034564E+04 0.99999999900E+99
 0.30406000000E+03 0.44739228533E+04 0.99999999900E+99
 0.30421000000E+03 0.45123265300E+04 0.99999999900E+99
 0.30436000000E+03 0.45510162550E+04 0.99999999900E+99
 0.30451000000E+03 0.45899938055E+04 0.99999999900E+99
 0.30466000000E+03 0.46292609670E+04 0.99999999900E+99
 0.30481000000E+03 0.46688195338E+04 0.99999999900E+99
 0.30496000000E+03 0.47086713087E+04 0.99999999900E+99
 0.30511000000E+03 0.47488181031E+04 0.99999999900E+99
 0.30526000000E+03 0.47892617372E+04 0.99999999900E+99
 0.30541000000E+03 0.48300040397E+04 0.99999999900E+99
 0.30556000000E+03 0.48710468482E+04 0.99999999900E+99
 0.30571000000E+03 0.49123920088E+04 0.99999999900E+99
 0.30586000000E+03 0.49540413767E+04 0.99999999900E+99
 0.30601000000E+03 0.49959968156E+04 0.99999999900E+99
 0.30616000000E+03 0.50382601981E+04 0.99999999900E+99
 0.30631000000E+03 0.50808334057E+04 0.99999999900E+99
 0.30646000000E+03 0.51237183288E+04 0.99999999900E+99
 0.30661000000E+03 0.51669168665E+04 0.99999999900E+99
 0.30676000000E+03 0.52104309270E+04 0.99999999900E+99
 0.30691000000E+03 0.52542624274E+04 0.99999999900E+99
 0.30706000000E+03 0.52984132939E+04 0.99999999900E+99
 0.30721000000E+03 0.53428854615E+04 0.99999999900E+99
 0.30736000000E+03 0.53876808743E+04 0.99999999900E+99
 0.30751000000E+03 0.54328014854E+04 0.99999999900E+99
 0.30766000000E+03 0.54782492573E+04 0.99999999900E+99
 0.30781000000E+03 0.55240261612E+04 0.99999999900E+99
 0.30796000000E+03 0.55701341776E+04 0.99999999900E+99
 0.30811000000E+03 0.56165752963E+04 0.99999999900E+99
 0.30826000000E+03 0.56633515160E+04 0.99999999900E+99
 0.30841000000E+03 0.57104648450E+04 0.99999999900E+99
 0.30856000000E+03 0.57579173004E+04 0.99999999900E+99
 0.30871000000E+03 0.58057109089E+04 0.99999999900E+99
 0.30886000000E+03 0.58538477063E+04 0.99999999900E+99
 0.30901000000E+03 0.59023297380E+04 0.99999999900E+99
 0.30916000000E+03 0.59511590585E+04 0.99999999900E+99
 0.30931000000E+03 0.60003377317E+04 0.99999999900E+99
 0.30946000000E+03 0.60498678309E+04 0.99999999900E+99
 0.30961000000E+03 0.60997514390E+04 0.99999999900E+99
 0.30976000000E+03 0.61499906481E+04 0.99999999900E+99
 0.30991000000E+03 0.62005875601E+04 0.99999999900E+99
 0.31006000000E+03 0.62515442861E+04 0.99999999900E+99
 0.31021000000E+03 0.63028629469E+04 0.99999999900E+99
 0.31036000000E+03 0.63545456729E+04 0.99999999900E+99
 0.31051000000E+03 0.64065946039E+04 0.99999999900E+99
 0.31066000000E+03 0.64590118895E+04 0.99999999900E+99
 0.31081000000E+03 0.65117996889E+04 0.99999999900E+99
 0.31096000000E+03 0.65649601710E+04 0.99999999900E+99
 0.31111000000E+03 0.66184955143E+04 0.99999999900E+99
 0.31126000000E+03 0.66724079070E+04 0.99999999900E+99
 0.31141000000E+03 0.67266995473E+04 0.99999999900E+99
 0.31156000000E+03 0.67813726429E+04 0.99999999900E+99
 0.31171000000E+03 0.68364294114E+04 0.99999999900E+99
 0.31186000000E+03 0.68918720804E+04 0.99999999900E+99
 0.31201000000E+03 0.69477028870E+04 0.99999999900E+99
 0.31216000000E+03 0.70039240784E+04 0.99999999900E+99
 0.31231000000E+03 0.70605379119E+04 0.99999999900E+99
 0.31246000000E+03 0.71175466543E+04 0.99999999900E+99
 0.31261000000E+03 0.71749525828E+04 0.99999999900E+99
 0.31276000000E+03 0.72327579842E+04 0.99999999900E+99
 0.31291000000E+03 0.72909651557E+04 0.99999999900E+99
 0.31306000000E+03 0.73495764042E+04 0.99999999900E+99
 0.31321000000E+03 0.74085940468E+04 0.99999999900E+99
 0.31336000000E+03 0.74680204109E+04 0.99999999900E+99
 0.31351000000E+03 0.75278578338E+04 0.99999999900E+99
 0.31366000000E+03 0.75881086629E+04 0.99999999900E+99
 0.31381000000E+03 0.76487752559E+04 0.99999999900E+99
 0.31396000000E+03 0.77098599807E+04 0.99999999900E+99
 0.31411000000E+03 0.77713652155E+04 0.99999999900E+99
 0.31426000000E+03 0.78332933485E+04 0.99999999900E+99
 0.31441000000E+03 0.78956467785E+04 0.99999999900E+99
 0.31456000000E+03 0.79584279144E+04 0.99999999900E+99
 0.31471000000E+03 0.80216391756E+04 0.99999999900E+99
 0.31486000000E+03 0.80852829916E+04 0.99999999900E+99
 0.31501000000E+03 0.81493618026E+04 0.99999999900E+99
 0.31516000000E+03 0.82138780590E+04 0.99999999900E+99
 0.31531000000E+03 0.82788342217E+04 0.99999999900E+99
 0.31546000000E+03 0.83442327622E+04 0.99999999900E+99
 0.31561000000E+03 0.84100761623E+04 0.99999999900E+99
 0.31576000000E+03 0.84763669145E+04 0.99999999900E+99
 0.31591000000E+03 0.85431075216E+04 0.99999999900E+99
 0.31606000000E+03 0.86103004973E+04 0.99999999900E+99
 0.31621000000E+03 0.86779483657E+04 0.99999999900E+99
 0.31636000000E+03 0.87460536615E+04 0.99999999900E+99
 0.31651000000E+03 0.88146189303E+04 0.99999999900E+99
 0.31666000000E+03 0.88836467280E+04 0.99999999900E+99
 0.31681000000E+03 0.89531396216E+04 0.99999999900E+99
 0.31696000000E+03 0.90231001885E+04 0.99999999900E+99
 0.31711000000E+03 0.90935310172E+04 0.99999999900E+99
 0.31726000000E+03 0.91644347067E+04 0.99999999900E+99
 0.31741000000E+03 0.92358138669E+04 0.99999999900E+99
 0.31756000000E+03 0.93076711186E+04 0.99999999900E+99
 0.31771000000E+03 0.93800090935E+04 0.99999999900E+99
 0.31786000000E+03 0.94528304340E+04 0.99999999900E+99
 0.31801000000E+03 0.95261377937E+04 0.99999999900E+99
 0.31816000000E+03 0.95999338369E+04 0.99999999900E+99
 0.31831000000E+03 0.96742212390E+04 0.99999999900E+99
 0.31846000000E+03 0.97490026864E+04 0.99999999900E+99
 0.31861000000E+03 0.98242808764E+04 0.99999999900E+99
 0.31876000000E+03 0.99000585176E+04 0.99999999900E+99
 0.31891000000E+03 0.99763383294E+04 0.99999999900E+99
 0.31906000000E+03 0.10053123042E+05 0.99999999900E+99
 0.31921000000E+03 0.10130415399E+05 0.99999999900E+99
 0.31936000000E+03 0.10208218151E+05 0.99999999900E+99
 0.31951000000E+03 0.10286534063E+05 0.99999999900E+99
 0.31966000000E+03 0.10365365911E+05 0.99999999900E+99
 0.31981000000E+03 0.10444716480E+05 0.99999999900E+99
 0.31996000000E+03 0.10524588570E+05 0.99999999900E+99
 0.32011000000E+03 0.10604984988E+05 0.99999999900E+99
 0.32026000000E+03 0.10685908556E+05 0.99999999900E+99
 0.32041000000E+03 0.10767362104E+05 0.99999999900E+99
 0.32056000000E+03 0.10849348477E+05 0.99999999900E+99
 0.32071000000E+03 0.10931870529E+05 0.99999999900E+99
 0.32086000000E+03 0.11014931125E+05 0.99999999900E+99
 0.32101000000E+03 0.11098533144E+05 0.99999999900E+99
 0.32116000000E+03 0.11182679473E+05 0.99999999900E+99
 0.32131000000E+03 0.11267373014E+05 0.99999999900E+99
 0.32146000000E+03 0.11352616678E+05 0.99999999900E+99
 0.32161000000E+03 0.11438413388E+05 0.99999999900E+99
 0.32176000000E+03 0.11524766081E+05 0.99999999900E+99
 0.32191000000E+03 0.11611677701E+05 0.99999999900E+99
 0.32206000000E+03 0.11699151208E+05 0.99999999900E+99
 0.32221000000E+03 0.11787189572E+05 0.99999999900E+99
 0.32236000000E+03 0.11875795773E+05 0.99999999900E+99
 0.32251000000E+03 0.11964972806E+05 0.99999999900E+99
 0.32266000000E+03 0.12054723675E+05 0.99999999900E+99
 0.32281000000E+03 0.12145051397E+05 0.99999999900E+99
 0.32296000000E+03 0.12235959000E+05 0.99999999900E+99
 0.32311000000E+03 0.12327449526E+05 0.99999999900E+99
 0.32326000000E+03 0.12419526026E+05 0.99999999900E+99
 0.32341000000E+03 0.12512191563E+05 0.99999999900E+99
 0.32356000000E+03 0.12605449216E+05 0.99999999900E+99
 0.32371000000E+03 0.12699302070E+05 0.99999999900E+99
 0.32386000000E+03 0.12793753226E+05 0.99999999900E+99
 0.32401000000E+03 0.12888805795E+05 0.99999999900E+99
 0.32416000000E+03 0.12984462902E+05 0.99999999900E+99
 0.32431000000E+03 0.13080727682E+05 0.99999999900E+99
 0.32446000000E+03 0.13177603283E+05 0.99999999900E+99
 0.32461000000E+03 0.13275092864E+05 0.99999999900E+99
 0.32476000000E+03 0.13373199598E+05 0.99999999900E+99
 0.32491000000E+03 0.13471926669E+05 0.99999999900E+99
 0.32506000000E+03 0.13571277273E+05 0.99999999900E+99
 0.32521000000E+03 0.13671254619E+05 0.99999999900E+99
 0.32536000000E+03 0.13771861926E+05 0.99999999900E+99
 0.32551000000E+03 0.13873102428E+05 0.99999999900E+99
 0.32566000000E+03 0.13974979370E+05 0.99999999900E+99
 0.32581000000E+03 0.14077496009E+05 0.99999999900E+99
 0.32596000000E+03 0.14180655614E+05 0.99999999900E+99
 0.32611000000E+03 0.14284461468E+05 0.99999999900E+99
 0.32626000000E+03 0.14388916866E+05 0.99999999900E+99
 0.32641000000E+03 0.14494025112E+05 0.99999999900E+99
 0.32656000000E+03 0.14599789527E+05 0.99999999900E+99
 0.32671000000E+03 0.14706213443E+05 0.99999999900E+99
 0.32686000000E+03 0.14813300202E+05 0.99999999900E+99
 0.32701000000E+03 0.14921053161E+05 0.99999999900E+99
 0.32716000000E+03 0.15029475690E+05 0.99999999900E+99
 0.32731000000E+03 0.15138571169E+05 0.99999999900E+99
 0.32746000000E+03 0.15248342992E+05 0.99999999900E+99
 0.32761000000E+03 0.15358794567E+05 0.99999999900E+99
 0.32776000000E+03 0.15469929312E+05 0.99999999900E+99
 0.32791000000E+03 0.15581750658E+05 0.99999999900E+99
 0.32806000000E+03 0.15694262051E+05 0.99999999900E+99
 0.32821000000E+03 0.15807466947E+05 0.99999999900E+99
 0.32836000000E+03 0.15921368816E+05 0.99999999900E+99
 0.32851000000E+03 0.16035971140E+05 0.99999999900E+99
 0.32866000000E+03 0.16151277415E+05 0.99999999900E+99
 0.32881000000E+03 0.16267291149E+05 0.99999999900E+99
 0.32896000000E+03 0.16384015862E+05 0.99999999900E+99
 0.32911000000E+03 0.16501455088E+05 0.99999999900E+99
 0.32926000000E+03 0.16619612373E+05 0.99999999900E+99
 0.32941000000E+03 0.16738491278E+05 0.99999999900E+99
 0.32956000000E+03 0.16858095373E+05 0.99999999900E+99
 0.32971000000E+03 0.16978428244E+05 0.99999999900E+99
 0.32986000000E+03 0.17099493489E+05 0.99999999900E+99
 0.33001000000E+03 0.17221294720E+05 0.99999999900E+99
 0.33016000000E+03 0.17343835560E+05 0.99999999900E+99
