10 15
9 10
10 14
14 17
6 17
4 17
13 17
5 17
1 17
11 17
3 17
15 17
8 17
8 9
8 15
14 15
12 14
8 12
1 12
1 14
0 1
0 17
0 2
2 12
7 12
6 12
11 12
4 12
4 6
4 5
0 5
5 6
5 8
4 8
8 14
8 10
7 8
7 9
5 7
7 14
6 14
0 6
0 3
0 13
1 13
8 13
3 13
13 14
5 13
3 5
5 9
4 9
4 14
4 7
7 10
6 7
1 6
1 16
1 10
1 11
7 11
4 11
4 10
10 12
5 12
12 15
3 12
9 12
2 9
2 7
3 7
3 11
3 10
2 3
3 16
3 9
3 8
3 6
3 4
4 15
9 15
9 14
3 14
5 14
14 16
7 16
15 16
1 15
1 3
1 4
1 2
1 7
1 5
1 8
1 9
6 9
6 16
10 16
5 10
5 15
7 15
3 15
11 15
11 14
10 11
5 11
8 11
9 11
6 11
11 13
12 13
10 13
6 13
9 13
7 13
13 15
13 16
12 16
9 16
5 16
0 16
11 16
2 16
8 16
4 16
4 13
0 4
0 8
6 8
6 10
6 15
0 15
0 9
0 11
0 14
0 7
0 12
0 10
2 10
2 4
2 8
2 13
2 5
2 14
2 11
2 6
2 15
2 17
9 17
12 17
7 17
16 17
10 17
