9 15
15 19
11 19
18 19
10 19
8 19
7 19
16 19
5 19
3 19
14 19
7 14
6 14
6 10
3 10
10 13
13 17
8 13
3 13
13 14
5 13
3 5
0 5
0 4
4 14
4 7
7 9
6 7
6 17
16 17
9 17
11 17
7 11
4 11
4 9
9 12
5 12
12 15
3 12
0 12
0 18
7 18
3 7
3 11
3 9
3 18
3 16
0 3
3 8
3 6
3 4
4 15
0 15
0 14
3 14
5 14
14 16
7 16
15 16
15 17
3 17
4 17
2 4
2 18
2 7
2 14
2 5
2 16
1 2
0 2
0 19
1 19
1 14
1 6
1 4
1 13
1 5
1 17
1 11
1 3
1 15
1 8
0 8
8 15
14 15
12 14
8 12
12 17
14 17
10 17
1 10
10 18
12 18
7 12
6 12
11 12
4 12
4 6
4 5
5 10
5 6
5 8
4 8
8 14
8 9
7 8
0 7
5 7
7 15
3 15
11 15
11 14
9 11
5 11
8 11
0 11
6 11
11 13
12 13
9 13
6 13
0 13
7 13
13 15
13 16
12 16
0 16
5 16
10 16
11 16
16 18
8 16
4 16
4 13
4 10
8 10
6 8
6 9
6 15
10 15
0 10
10 11
10 14
7 10
10 12
9 10
9 18
4 18
8 18
13 18
5 18
14 18
11 18
6 18
15 18
1 18
0 1
1 12
1 7
1 16
1 9
2 9
0 9
9 14
5 9
5 15
2 15
2 3
2 12
2 6
2 10
2 8
2 13
2 11
2 17
17 18
7 17
5 17
8 17
0 17
0 6
6 16
9 16
9 19
2 19
4 19
12 19
6 19
13 19
17 19
