QUARTZ 0 0 0 0 0 0 0
WATER 4.0939 -3.3367 0 0.32563 0.24662 0.091429 1.5231
CALCITE 0.38627 0.17125 0 0.25785 0.13921 0.10493 1.1474
ANKERITE 0.30965 -0.0089265 0 0.016585 0.00045086 0.002546 0.05577
ARAGONITE 0.32842 1.0542 0 0.1675 0.00088971 0.011315 0.54287
AZURITE 2.2376 -7.4685 0 0.03295 0.0040448 0.017228 0.12809
CERUSSITE 0.67865 -0.014414 0 0.0045463 0.00082161 0.011008 0.026733
DOLOMITE 0.33379 -0.41329 0 0.17794 0.014502 0.015877 0.60261
MAGNESITE 0.30323 -0.036266 0 0.049357 0.0076894 0.0023568 0.17107
MALACHITE 2.2096 -6.7469 0 0.0043674 0.082609 0.12839 0.27658
NORSETHITE 0.516 0.080114 0 0.047823 0.025896 0.01529 0.20876
OTAVITE 0.58684 -0.10732 0 0.1444 0.020929 0.00029175 0.49133
RHODOCHROSITE 0.47379 -0.60848 0 0.017479 0.0074478 0.0020804 0.069513
SIDERITE 0.27905 -0.037293 0 0.040466 0.0065099 0.0012848 0.13994
SMITHSONITE 0.13927 -0.10094 0 0.014806 0.005581 0.0036316 0.059569
STRONTIANITE 0.70139 0.080924 0 0.15956 0.072128 0.085024 0.70734
WITHERITE 0.70814 0.50375 0 0.099147 0.015125 0.037069 0.37546
ALBITE 0.34881 0.50196 0 0.00052159 0.0222 0.096666 0.13442
ANORTHITE 0.70732 1.1314 0 0.0029948 0.58549 0.15303 1.1148
KFELDSPAR 0.2004 1.0616 0 0.0064559 0.0095157 0.02679 0.0627
ANDRADITE 1.1889 2.3127 0 0.0056304 0.027103 0.13422 0.19613
GROSSULAR 1.3565 1.9493 0 0.0094571 0.019469 0.36724 0.42884
ALMANDINE 1.2313 2.1255 0 0.022267 0.031033 0.3847 0.50565
PYROPE 1.1008 2.5853 0 0.013985 0.084013 0.22233 0.40324
SPESSARTINE 1.2875 2.0577 0 0.0061503 0.0082078 0.2365 0.26931
UVAROVITE 1.1671 2.3613 0 0.013054 0.010525 0.17885 0.23729
MELANITE 1.5272 1.4524 0 0.010183 0.015912 0.039728 0.097837
ALLANITE 2.6321 0.53529 0 0.024277 0.010815 0.015224 0.10965
EPIDOTE 0.55738 2.2602 0 0.0085398 0.037018 0.90171 0.98895
PIEMONTITE 1.2829 1.8637 0 0.0052323 0.028214 0.031209 0.093658
ZOISITE 0.81633 1.8358 0 0.0045635 0.90243 0.98713 2.4694
ACTINOLITE 0.7862 2.1601 0 0.022379 0.0066079 0.17087 0.25245
ANTHOPHYLLITE 0.76438 2.2394 0 0.031334 0.003558 0.22483 0.32978
CUMMINGTONITE 0.82739 2.0674 0 0.015723 0.036952 0.098894 0.20876
EDENITE 2.6451 0.039179 0 0.0035824 0.015031 0.015304 0.05109
GEDRITE 1.0133 2.271 0 0.033068 0.012968 0.13645 0.26219
GLAUCOPHANE 0.71172 1.9645 0 0.011224 0.070419 0.17149 0.32155
GRUNERITE 0.77411 2.0794 0 0.0038988 0.061175 0.11915 0.23099
HORNBLENDE 0.93453 2.3003 0 0.0053854 0.12363 0.17064 0.38876
KATOPHORITE 1.5471 1.019 0 0.015329 0.00045851 0.019903 0.069165
PARGASITE 1.0894 2.4808 0 0.0081083 0.04073 0.21002 0.30193
RICHTERITE 1.6317 0.83856 0 0.0049173 0.0067953 0.0071624 0.033778
RIEBECKITE 0.68069 1.8824 0 0.002824 0.011383 0.1278 0.15525
TARAMITE 1.0135 1.9788 0 0.0065556 0.01386 0.027428 0.07072
TREMOLITE 0.81433 2.147 0 0.0098874 0.007007 0.18296 0.22565
TSCHERMAKITE 3.1908 -0.82852 0 0.024285 0.014553 0.037422 0.13795
CHAMOSITE 0.67463 1.8316 0 0.011441 0.042075 0.080348 0.18499
CLINOCHLORE 0.76575 2.1485 0 0.0038306 0.030277 0.20579 0.26716
CHLORITE 0.70323 2.6999 0 0.0062007 0.031568 0.011423 0.082391
THURINGITE 0.88394 2.2875 0 0.0092497 0.020463 0.22043 0.28298
MARGARITE 0.46548 2.1598 0 0.0010866 0.040565 0.33453 0.40395
MUSCOVITE 0.84834 1.0744 0 0.0083685 0.044506 0.24896 0.34783
PARAGONITE 0.62847 1.5589 0 0.010423 0.0064598 0.042284 0.085779
PHENGITE 0.52112 1.7308 0 0.00425 0.020378 0.11074 0.15734
ANNITE 0.88168 2.3845 0 0.0088159 0.044853 0.25869 0.35955
BIOTITE 0.9002 2.67 0 0.0077215 0.015489 0.58186 0.63149
F-PHLOGOPITE 2.1425 4.6026e-16 0 0.019989 0.0047514 0.49355 0.56454
PHLOGOPITE 1.1441 1.8452 0 0.0022599 0.015623 0.52035 0.55291
GLAUCONITE 0.81331 1.8813 0 0.013621 0.01442 0.034502 0.10106
LEPIDOLITE 0.54277 1.8587 0 0.0050317 0.013859 0.14324 0.1817
ACMITE 0.44694 1.509 0 0.012474 0.0010417 0.033312 0.074484
DIOPSIDE 1.0516 1.6907 0 0.00052053 0.04204 0.33357 0.40359
HEDENBERGITE 0.89345 2.0802 0 0.0068605 0.097131 0.069158 0.24885
JADEITE 0.64188 1.0814 0 0.0032808 0.067747 0.27857 0.39914
OMPHACITE 0.8342 1.41300 0 0.01775 0.06293 0.45651 0
ENSTATITE 0.80224 2.1092 0 0.013761 0.045873 0.8975 1.0157
FERROSILITE 0.71315 2.1713 0 0.018898 0.039815 0.94772 1.0723
FAYALITE 1.1718 3.0908 0 0.017765 0.59643 0.76686 1.7932
FORSTERITE 1.4897 2.8692 0 0.0040115 1.1782 0.031605 1.9607
TEPHROITE 1.2814 2.8455 0 0.014145 0.050314 0.31407 0.44067
ANALCIME 0.71681 -0.62626 0 0.0098051 0.049133 0.0089214 0.11987
STILBITE 0.33701 -0.10219 0 0.0062284 0.0060818 0.011028 0.040632
WAIRAKITE 1.8412 0.96688 0 0.025249 0.0010319 0.03725 0.11884
ANDALUSITE 0.28099 1.8318 0 0.0017851 0.0097497 0.3293 0.35081
KYANITE 0.38479 1.9211 0 0.0029585 0.0282 0.2502 0.30543
SILLIMANITE 0.16918 1.691 0 0.0060855 0.0020081 0.80136 0.82389
TOPAZ 0.53317 1.3615 0 0.009761 0.029959 0.0095534 0.089173
CHLORITOID 0.81094 1.9242 0 0.0077648 0.023857 0.066836 0.13021
HERCYNITE 3.0632 4.7885 0 0.054119 0.0036056 0.87034 1.0475
SPINEL 3.2016 4.9589 0 0.012894 0.029142 0.9785 1.0667
ULVOESPINEL 2.4422 4.3149 0 0.014677 0.012814 0.81514 0.88243
GEIKELITE 2.4696 4.3676 0 0.0052701 0.091631 0.80363 0.96934
ILMENITE 2.3791 4.1594 0 0.0070006 0.10858 0.61851 0.81727
STAUROLITE 0.45029 2.2748 0 0.0037289 0.0053765 0.41173 0.43228
CORDIERITE 0.66663 1.5643 0 0.00058942 0.037654 0.049338 0.11245
PORTLANDITE 1.7468 3.4887 0 0.0035956 0.032569 0.51538 0.57974
APATITE 1.211 1.5501 0 0.0074209 0.0097744 0.030327 0.069711
MONAZITE 0.88997 1.2709 0 0.33923 1.1122 0.57006 3.4527
XENOTIME -0.12537 -0.35803 0 0.00060259 0.010644 0.015753 0.034972
CHONDRODITE 1.0756 2.7385 0 0.0004899 0.0013356 0.37451 0.37823
CLINOHUMITE 0.99155 2.6912 0 0.0074549 0.075364 0.29416 0.44033
HUMITE 1.0867 2.5263 0 0.0039623 0.016038 0.24988 0.2885
NORBERGITE 1.2429 2.9514 0 0.014555 0.0023891 0.41427 0.46422
AKAGANEITE -1.5973 6.0182 0 0.0067607 0.0031129 0.071145 0.097605
BRUCITE 1.7044 3.7349 0 0.0059886 0.004579 0.70992 0.73632
DIASPORE 1.9111 3.7332 0 0.028474 0.055604 0.54887 0.72942
BOEHMITE 1.8715 3.7779 0 0.0059867 0.0059906 0.63423 0.66292
GEOTHITE 1.7329 3.0093 0 0.0092573 0.035209 0.23599 0.32255
LEPIDOCROCITE 1.617 3.4702 0 0.015996 0.005455 0.54218 0.60168
GIBBSITE 1.2106 1.7376 0 0.11111 0.02699 0.061344 0.45689
NORDSTRANDITE 0.98109 2.3461 0 0.0064732 0.019921 0.21475 0.26763
BAYERITE 0.98114 2.5537 0 0.0027094 0.057347 0.28989 0.39174
LIMONITE 0.80804 2.1092 0 0.0087205 0.059552 0.16796 0.29242
PYROCHROITE 1.4833 3.2092 0 0.018256 0.065965 0.41978 0.58485
SPERTINIITE 1.3197 3.0012 0 0.0063198 0.0040326 0.41169 0.43825
CASSITERITE 1.0718 3.2745 0 0.012111 0.127 0.6775 0.9224
CERIANITE 2.7385 4.5982 0 0.0044476 0.051637 0.90796 1.006
CHROMITE 2.6891 4.5262 0 0.018016 0.010235 0.89609 0.96975
CORUNDUM 2.9951 5.4871 0 0.018548 0.23018 0.15771 0.59079
FRANKLINITE 2.5186 4.5654 0 0.0064762 0.13812 0.79542 1.0406
HEMATITE 1.3437 5.7936 0 0.69899 0.16705 0.35349 2.8374
JACOBSITE 2.1297 4.1635 0 0.012576 0.0055793 0.79242 0.8413
MAGNESIOCHROMITE 2.8264 4.7273 0 0.0086711 0.12499 0.82641 1.0572
MAGNESIOFERRITE 2.2583 4.151 0 0.015696 0.005055 0.7581 0.816
MAGNETITE 2.3732 3.928 0 0.0039445 2.6193 0.097832 4.3706
PEROVSKITE 6.8618 2.5754e-14 0 0.012191 0.054652 0.067385 0.19486
PLATTNERITE 1.271 2.7093 0 0.0094063 0.019051 0.31501 0.37576
PYROLUSITE 1.3505 3.003 0 0.01519 0.05328 0.4002 0.53494
RUTILE 1.499 3.6832 0 0.028759 0.27954 0.98234 1.528
THORIANITE 2.7237 4.5845 0 0.019604 0.20229 0.67322 1.0643
URANINITE 2.6768 4.4941 0 0.013399 0.17033 0.69369 1.0131
WOLFRAMITE 0.74154 3.068 0 0.012552 0.0086119 0.98023 1.034
LEUCITE 0.38701 1.1111 0 0.0096592 0.001433 0.012684 0.045585
NEPHELINE 0.58076 1.7178 0 0.0058818 0.0034811 0.079146 0.10342
PECTOLITE 0.68301 1.6983 0 0.012954 0.0018242 0.03662 0.080584
RHODONITE 0.96099 2.3869 0 0.010065 0.009081 0.24989 0.29651
ALUNITE 0.0063184 1.0606 0 0.00024392 0.0025537 0.0014557 0.0063812
ANGLESITE 0.58027 0.3967 0 0.012466 0.011845 0.0082345 0.066954
ANHYDRITE 0.036428 -0.15039 0 0.0010244 0.0094574 0.0024074 0.021032
BARITE 0.49052 0.76597 0 0.0012725 0.02693 0.030954 0.078783
AMESITE 0.6961 2.5026 0 0.010079 0.039802 0.36024 0.45688
CHRYSOTILE 2.9371 0.61261 0 0.026891 0.010467 0.021198 0.12333
LIZARDITE 0.77379 2.1208 0 0.0082301 0.016196 0.2075 0.25989
SERPENTINE 0.67007 2.4792 0 0.013587 0.013555 0.45363 0.51868
ILLITE 0.69158 1.0182 0 0.069509 0.046112 0.014565 0.30955
KAOLINITE 0.4698 1.0554 0 0.12066 0.016087 0.037615 0.44566
PYROPHYLLITE 0.043073 0.72023 0 0.014629 0.0037858 0.014455 0.066911
SMECTITE 1.5032 -3.3344 0 0.0022384 0.0018738 0.0090568 0.019189
TALC 0.069341 2.357 0 0.00989 0.021344 0.54149 0.60751
MALAYAITE 0.88669 2.4298 0 0.00051856 0.031178 0.30059 0.35294
TITANITE 1.0262 2.4732 0 0.0081603 0.0038228 0.87211 0.90415
PHENACITE 1.5202 3.2599 0 0.014709 0.06751 0.41628 0.57264
WILLEMITE 0.99998 2.6615 0 0.010431 0.05694 0.29545 0.42108
THORITE 1.1854 2.719 0 0.0077242 0.036112 0.30809 0.39128
ZIRCON 1.4957 1.3567 0 0.031853 0.22563 0.11418 0.58198
AXINITE 0.48327 1.2986 0 0.0011789 0.020251 0.019145 0.055815
BERYL 0.74718 2.0997 0 0.00073597 0.026411 0.17931 0.2246
DATOLITE 0.23898 0.88884 0 0.0028088 0.016843 0.011194 0.047479
GEHLENITE 3.5241 -1.0201e-14 0 0.01192 0.033561 0.10487 0.19718
ILVAITE 1.4456 3.3904 0 0.020622 0.025833 0.52976 0.63704
LAWSONITE 1.4064 1.2133 0 1.0486 1.1384 0.083557 5.2538
PREHNITE 0.59394 1.4629 0 0.062031 0.035419 0.040307 0.29424
TOURMALINE 0.46961 1.2732 0 0.0076898 0.011609 0.29063 0.33385
WOLLASTONITE 1.3157 1.6292 0 0.0070243 0.021266 0.445 0.50182
VESUVIANITE 1.4226 2.8448 0 0.016105 0.047313 0.3168 0.44472
