#labels: Et_gam_ff_CMS_lower[1] Et_gam_ff_CMS_center[2] Et_gam_ff_CMS_upper[3] tot_scale01[4] tot_scale01_Err[5] tot_scale02[6] tot_scale02_Err[7] tot_scale03[8] tot_scale03_Err[9] tot_scale04[10] tot_scale04_Err[11] tot_scale05[12] tot_scale05_Err[13] tot_scale06[14] tot_scale06_Err[15] tot_scale07[16] tot_scale07_Err[17]
#neval: 500000000
#overflow:lower center upper 3.10796339972E-01 3.01081594004E-03 3.57591357220E-01 3.43376905919E-03 3.37109880170E-01 3.26650688119E-03 3.87864542537E-01 3.72536188573E-03 2.72419258241E-01 2.66008610315E-03 2.88353626199E-01 2.79283759990E-03 2.52746653714E-01 2.46749150107E-03 
1.90000000000E+02 1.95000000000E+02 2.00000000000E+02 9.55867421949E+01 5.53266111820E-02 9.56838140864E+01 5.56431263870E-02 1.05472199948E+02 6.10515333208E-02 1.05579278706E+02 6.14007226826E-02 9.47538622306E+01 5.46594647686E-02 8.74267219457E+01 5.06013909941E-02 8.66649245054E+01 4.99911811857E-02 
2.00000000000E+02 2.10000000000E+02 2.20000000000E+02 6.69068684814E+01 2.66787499831E-02 6.74363976036E+01 2.70918916008E-02 7.37503667599E+01 2.94084144792E-02 7.43339812534E+01 2.98637568190E-02 6.59349047254E+01 2.61462849289E-02 6.12464941840E+01 2.44211316672E-02 6.03567157672E+01 2.39336862218E-02 
2.20000000000E+02 2.35000000000E+02 2.50000000000E+02 3.81221857112E+01 1.48112000639E-02 3.88301218121E+01 1.52133728868E-02 4.19570091303E+01 1.63015467888E-02 4.27360823285E+01 1.67441256299E-02 3.72296412069E+01 1.43739259512E-02 3.49409988728E+01 1.35749428568E-02 3.41228908595E+01 1.31741319622E-02 
2.50000000000E+02 2.75000000000E+02 3.00000000000E+02 1.67851142188E+01 6.95835828950E-03 1.73452547147E+01 7.25349537633E-03 1.84365630135E+01 7.64326860956E-03 1.90517484933E+01 7.96740018670E-03 1.61882755199E+01 6.66665730149E-03 1.54099876871E+01 6.38809357172E-03 1.48620084971E+01 6.12026783905E-03 
3.00000000000E+02 3.25000000000E+02 3.50000000000E+02 6.25793043704E+00 3.91828827359E-03 6.57585128414E+00 4.15354421411E-03 6.85843760238E+00 4.29438831395E-03 7.20684896940E+00 4.55220588467E-03 5.94767035004E+00 3.69858699286E-03 5.75578817849E+00 3.60380911241E-03 5.47041417075E+00 3.40172985948E-03 
3.50000000000E+02 3.75000000000E+02 4.00000000000E+02 2.48390822422E+00 2.28411876799E-03 2.64748089512E+00 2.45142922509E-03 2.71735171830E+00 2.49883245765E-03 2.89629231277E+00 2.68186217793E-03 2.33133805477E+00 2.13190229874E-03 2.28802484293E+00 2.10395875802E-03 2.14748379383E+00 1.96374381621E-03 
4.00000000000E+02 4.50000000000E+02 5.00000000000E+02 7.31820980553E-01 7.88888184523E-04 7.92309570291E-01 8.57832100840E-04 7.99080758375E-01 8.61448655520E-04 8.65125112411E-01 9.36727566154E-04 6.77434068773E-01 7.27650735893E-04 6.75180193900E-01 7.27791216220E-04 6.25000741819E-01 6.71292988172E-04 
5.00000000000E+02 6.25000000000E+02 7.50000000000E+02 6.71554610002E-02 1.22653559890E-04 7.44189832366E-02 1.35916589964E-04 7.31283046058E-02 1.33582659741E-04 8.10371901136E-02 1.48025871473E-04 6.08889541947E-02 1.11222511862E-04 6.20993007264E-02 1.13404483970E-04 5.63042580425E-02 1.02834581569E-04 
#nx: 3
