#labels: Et_gam_ff_CMS_lower[1] Et_gam_ff_CMS_center[2] Et_gam_ff_CMS_upper[3] tot_scale01[4] tot_scale01_Err[5] tot_scale02[6] tot_scale02_Err[7] tot_scale03[8] tot_scale03_Err[9] tot_scale04[10] tot_scale04_Err[11] tot_scale05[12] tot_scale05_Err[13] tot_scale06[14] tot_scale06_Err[15] tot_scale07[16] tot_scale07_Err[17]
#neval: 1500000000
#overflow:lower center upper 5.89905744651E-01 3.79552409619E-03 6.37020075774E-01 4.28382950123E-03 6.37525023532E-01 4.20498405904E-03 6.84439404295E-01 4.76839174364E-03 5.50832065596E-01 3.42552133930E-03 5.49047840164E-01 3.46986981561E-03 5.10319840185E-01 3.13892744229E-03 
1.90000000000E+02 1.95000000000E+02 2.00000000000E+02 1.56432583728E+02 2.36692900909E-01 1.58358954706E+02 2.44534744839E-01 1.69129384238E+02 2.86437113600E-01 1.71453106426E+02 2.95994559127E-01 1.55158658611E+02 2.29087026577E-01 1.45490073968E+02 1.99375599267E-01 1.44296904030E+02 1.93021798971E-01 
2.00000000000E+02 2.10000000000E+02 2.20000000000E+02 1.08171853236E+02 1.01087253117E-01 1.09766721485E+02 1.05396738253E-01 1.16678585787E+02 1.21896935882E-01 1.18499911991E+02 1.27136116848E-01 1.07093494384E+02 9.70961603340E-02 1.00797162688E+02 8.54389477452E-02 9.97461718131E+01 8.20974742589E-02 
2.20000000000E+02 2.35000000000E+02 2.50000000000E+02 6.09433277253E+01 4.99008969250E-02 6.20540660387E+01 5.24024635375E-02 6.55624784868E+01 5.98814228440E-02 6.67546543728E+01 6.29104015034E-02 6.01706098205E+01 4.76271314026E-02 5.69127255649E+01 4.23681044262E-02 5.61297928142E+01 4.04573860430E-02 
2.50000000000E+02 2.75000000000E+02 3.00000000000E+02 2.63881014037E+01 1.92264752430E-02 2.69866106793E+01 2.03632710473E-02 2.82862415793E+01 2.28845225154E-02 2.88899377497E+01 2.42532609044E-02 2.59586324336E+01 1.82152256053E-02 2.47167259409E+01 1.64542290366E-02 2.42667576274E+01 1.55997259572E-02 
3.00000000000E+02 3.25000000000E+02 3.50000000000E+02 9.73033650415E+00 9.51111563223E-03 1.00025108842E+01 1.01939254133E-02 1.03983248399E+01 1.12269476924E-02 1.06597780079E+01 1.20443673371E-02 9.52824751645E+00 8.91770200202E-03 9.13764727647E+00 8.20328808806E-03 8.92176924180E+00 7.69888711687E-03 
3.50000000000E+02 3.75000000000E+02 4.00000000000E+02 3.84399721722E+00 5.00043346895E-03 3.96940272479E+00 5.40702586821E-03 4.10053879279E+00 5.85919236557E-03 4.21770345487E+00 6.34373547519E-03 3.74809181994E+00 4.65218711201E-03 3.61544431570E+00 4.34285681405E-03 3.51233570372E+00 4.04536648589E-03 
4.00000000000E+02 4.50000000000E+02 5.00000000000E+02 1.13536489686E+00 1.41218968248E-03 1.17845793502E+00 1.54140981865E-03 1.20979591908E+00 1.63214000316E-03 1.24928805597E+00 1.78521646839E-03 1.10143866386E+00 1.30494793819E-03 1.06894495839E+00 1.24300467340E-03 1.03244825990E+00 1.15062308207E-03 
5.00000000000E+02 6.25000000000E+02 7.50000000000E+02 1.07419481876E-01 1.91068133949E-04 1.12710134992E-01 2.11463238751E-04 1.14630439503E-01 2.17675361474E-04 1.19525966755E-01 2.41637098623E-04 1.03105499341E-01 1.74709974179E-04 1.01029468918E-01 1.70419174042E-04 9.64844493908E-02 1.56166996811E-04 
#nx: 3
