#labels: Et_gam_ff_CMS_lower[1] Et_gam_ff_CMS_center[2] Et_gam_ff_CMS_upper[3] tot_scale01[4] tot_scale01_Err[5] tot_scale02[6] tot_scale02_Err[7] tot_scale03[8] tot_scale03_Err[9] tot_scale04[10] tot_scale04_Err[11] tot_scale05[12] tot_scale05_Err[13] tot_scale06[14] tot_scale06_Err[15] tot_scale07[16] tot_scale07_Err[17]
#neval: 8130000000
#overflow:lower center upper 6.37107301945E-01 6.34869462061E-03 6.53145198264E-01 7.22705503375E-03 6.50550388918E-01 7.14267999245E-03 6.62936779951E-01 7.14989737829E-03 6.25829666675E-01 6.23824101865E-03 6.20728567624E-01 5.81868157391E-03 6.03757605939E-01 5.67928366853E-03 
1.90000000000E+02 1.95000000000E+02 2.00000000000E+02 1.63233409558E+02 1.34298200158E+00 1.64447084276E+02 1.45187083128E+00 1.65012737707E+02 1.76128235701E+00 1.66350392150E+02 1.88127101821E+00 1.62847926363E+02 1.34112254927E+00 1.59336338160E+02 1.08695377140E+00 1.58543722410E+02 1.07975286792E+00 
2.00000000000E+02 2.10000000000E+02 2.20000000000E+02 1.14289459181E+02 6.03546979659E-01 1.15460191174E+02 6.27218822108E-01 1.15538092512E+02 7.79088342878E-01 1.16577086312E+02 8.22798542412E-01 1.12913793605E+02 5.39288821715E-01 1.11664248390E+02 4.86973295457E-01 1.10287593564E+02 4.45044560181E-01 
2.20000000000E+02 2.35000000000E+02 2.50000000000E+02 6.33078551328E+01 2.67590535139E-01 6.39464327141E+01 2.85910079369E-01 6.37356837655E+01 3.45574171553E-01 6.42584139587E+01 3.71415353872E-01 6.27817586829E+01 2.35212778825E-01 6.21617740914E+01 2.22963134732E-01 6.15722331077E+01 1.99814655073E-01 
2.50000000000E+02 2.75000000000E+02 3.00000000000E+02 2.77321870435E+01 9.69526236892E-02 2.78997923255E+01 9.58164097892E-02 2.79714847526E+01 1.25238305052E-01 2.80546285823E+01 1.19886313566E-01 2.74949338046E+01 9.14339485874E-02 2.71778380593E+01 8.20295311941E-02 2.68806032688E+01 7.53951206285E-02 
3.00000000000E+02 3.25000000000E+02 3.50000000000E+02 1.02717801427E+01 4.56801049949E-02 1.03430171992E+01 4.46508438903E-02 1.03559614914E+01 5.56774334127E-02 1.03656622675E+01 5.50927881145E-02 1.01726096144E+01 4.01747563771E-02 1.00626987090E+01 3.79820116803E-02 9.93824980171E+00 3.40337417402E-02 
3.50000000000E+02 3.75000000000E+02 4.00000000000E+02 4.04307308515E+00 1.99837226780E-02 4.05466957270E+00 1.99481518493E-02 4.07665273431E+00 2.38664527279E-02 4.05592916590E+00 2.46365539463E-02 3.99293778892E+00 1.84634889605E-02 3.96848020631E+00 1.70501613585E-02 3.90771282977E+00 1.62037263614E-02 
4.00000000000E+02 4.50000000000E+02 5.00000000000E+02 1.19582089492E+00 4.73120628551E-03 1.20767717955E+00 5.48347606098E-03 1.20619143680E+00 5.48350321958E-03 1.21240350324E+00 6.48549382563E-03 1.18531198114E+00 4.52155330255E-03 1.17253607994E+00 4.09331916323E-03 1.15721874637E+00 3.97740012731E-03 
5.00000000000E+02 6.25000000000E+02 7.50000000000E+02 1.15040627722E-01 5.42885780524E-04 1.16701799898E-01 5.75415178247E-04 1.16766158149E-01 6.52309373593E-04 1.17455077205E-01 7.05496837426E-04 1.13772636813E-01 5.29307269706E-04 1.12419147478E-01 4.82616531189E-04 1.10347614838E-01 4.61443483600E-04 
#nx: 3
