    1.06400000E+00     5.00000010E-02     2.95262480E-01     1.03253090E+00     2.16200000E-07     7.17000000E-08     7.30000000E-08     1.03800000E-07     9.12980000E-06     9.29860000E-06     1.32153000E-05
    1.06400000E+00     1.25000000E-01     7.38156190E-01     1.03253090E+00     2.16200000E-07     2.24077000E-05     2.24312000E-05     2.40180000E-05     3.53897400E-04     3.54325200E-04     3.87502600E-04
    1.06400000E+00     2.00000000E-01     1.18104990E+00     1.03253090E+00     2.16200000E-07     1.84810100E-04     1.84897200E-04     1.36662300E-04     1.47067230E-03     1.47136500E-03     1.08752390E-03
    1.06400000E+00     2.50000000E-01     1.47631240E+00     1.03253090E+00     2.16200000E-07     5.47944200E-04     5.48115500E-04     2.26086500E-04     2.79065660E-03     2.79152910E-03     1.15144890E-03
    1.06400000E+00     3.00000000E-01     1.77157490E+00     1.03253090E+00     2.16200000E-07     1.25301880E-03     1.25331510E-03     1.82013200E-04     4.43164710E-03     4.43269520E-03     6.43740000E-04
    1.06400000E+00     3.50000010E-01     2.06683730E+00     1.03253090E+00     2.16200000E-07     2.45972180E-03     2.46019510E-03     2.98707000E-05     6.39145890E-03     6.39268870E-03     7.76174000E-05
    1.06400000E+00     4.00000010E-01     2.36209980E+00     1.03253090E+00     2.16200000E-07     4.42621140E-03     4.42691970E-03     6.63961000E-05     8.80566720E-03     8.80707650E-03     1.32090900E-04
    1.06400000E+00     4.50000010E-01     2.65736230E+00     1.03253090E+00     2.16200000E-07     7.49757040E-03     7.49858090E-03     4.98124300E-04     1.17854350E-02     1.17870240E-02     7.83001900E-04
    1.06400000E+00     5.00000010E-01     2.95262480E+00     1.03253090E+00     2.16200000E-07     1.19940940E-02     1.19954820E-02     9.65310100E-04     1.52713540E-02     1.52731210E-02     1.22907100E-03
    1.06400000E+00     5.50000010E-01     3.24788720E+00     1.03253090E+00     2.16200000E-07     1.81587010E-02     1.81605530E-02     8.40836500E-04     1.91077480E-02     1.91096970E-02     8.84782000E-04
    1.06400000E+00     6.00000010E-01     3.54314970E+00     1.03253090E+00     2.16200000E-07     2.62749750E-02     2.62773910E-02     2.15435300E-04     2.32321770E-02     2.32343140E-02     1.90486700E-04
    1.06400000E+00     6.50000010E-01     3.83841220E+00     1.03253090E+00     2.16200000E-07     3.67981860E-02     3.68012640E-02     8.62482000E-05     2.77236110E-02     2.77259300E-02     6.49790000E-05
    1.06400000E+00     7.00000010E-01     4.13367470E+00     1.03253090E+00     2.16200000E-07     5.02978060E-02     5.03016540E-02     1.02788070E-03     3.26740570E-02     3.26765570E-02     6.67723600E-04
    1.06400000E+00     7.50000010E-01     4.42893720E+00     1.03253090E+00     2.16200000E-07     6.72871430E-02     6.72918700E-02     2.07952820E-03     3.80767320E-02     3.80794070E-02     1.17677220E-03
    1.06400000E+00     8.00000010E-01     4.72419960E+00     1.03253090E+00     2.16200000E-07     8.81693710E-02     8.81751110E-02     1.83160360E-03     4.38518450E-02     4.38547000E-02     9.10964800E-04
    1.06400000E+00     8.50000010E-01     5.01946210E+00     1.03253090E+00     2.16200000E-07     1.13361060E-01     1.13367970E-01     5.34010900E-04     4.99431760E-02     4.99462180E-02     2.35267800E-04
    1.06400000E+00     9.00000010E-01     5.31472460E+00     1.03253090E+00     2.16200000E-07     1.43448640E-01     1.43456840E-01     5.37432000E-05     5.63717490E-02     5.63749720E-02     2.11197000E-05
    1.06400000E+00     9.50000010E-01     5.60998710E+00     1.03253090E+00     2.16200000E-07     1.79201150E-01     1.79210820E-01     1.36112510E-03     6.32038710E-02     6.32072820E-02     4.80066000E-04
    1.06400000E+00     1.00000000E+00     5.90524950E+00     1.03253090E+00     2.16200000E-07     2.21384270E-01     2.21395520E-01     3.01876890E-03     7.04687990E-02     7.04723800E-02     9.60904000E-04
    1.06400000E+00     1.05000000E+00     6.20051190E+00     1.03253090E+00     2.16200000E-07     2.70563930E-01     2.70576970E-01     2.95440500E-03     7.81162560E-02     7.81200190E-02     8.52985300E-04
    1.06400000E+00     1.12500000E+00     6.64340565E+00     1.03253090E+00     2.16200000E-07     3.59616220E-01     3.59632265E-01     6.09826100E-04     9.02164340E-02     9.02204640E-02     1.60274900E-04
    1.06400000E+00     1.20000000E+00     7.08629940E+00     1.03253090E+00     2.16200000E-07     4.66051880E-01     4.66071380E-01     1.16799640E-03     1.03020080E-01     1.03024390E-01     2.58183900E-04
    1.06400000E+00     1.25000000E+00     7.38156180E+00     1.03253090E+00     2.16200000E-07     5.50273200E-01     5.50295280E-01     3.77842470E-03     1.12100730E-01     1.12105230E-01     7.69734300E-04
    1.06400000E+00     1.30000000E+00     7.67682430E+00     1.03253090E+00     2.16200000E-07     6.45329830E-01     6.45354680E-01     4.96099290E-03     1.21547250E-01     1.21551930E-01     9.34398200E-04
    1.06400000E+00     1.37500000E+00     8.11971805E+00     1.03253090E+00     2.16200000E-07     8.11141855E-01     8.11171305E-01     1.71282560E-03     1.36337480E-01     1.36342430E-01     2.97062400E-04
    1.06400000E+00     1.45000000E+00     8.56261170E+00     1.03253090E+00     2.16200000E-07     1.00275170E+00     1.00278620E+00     9.31622600E-04     1.51812490E-01     1.51817720E-01     1.41043800E-04
    1.06400000E+00     1.50000000E+00     8.85787420E+00     1.03253090E+00     2.16200000E-07     1.14961630E+00     1.14965440E+00     5.52395410E-03     1.62637430E-01     1.62642810E-01     7.81479600E-04
    1.06400000E+00     1.55000000E+00     9.15313670E+00     1.03253090E+00     2.16200000E-07     1.31189170E+00     1.31193390E+00     8.97090330E-03     1.73813980E-01     1.73819570E-01     1.18856490E-03
    1.06400000E+00     1.62500000E+00     9.59603045E+00     1.03253090E+00     2.16200000E-07     1.58803040E+00     1.58807895E+00     3.76644130E-03     1.91199820E-01     1.91205670E-01     4.64219400E-04
    1.06400000E+00     1.70000000E+00     1.00389240E+01     1.03253090E+00     2.16200000E-07     1.89967640E+00     1.89973200E+00     1.33765340E-03     2.09233830E-01     2.09239950E-01     1.47331600E-04
    1.06400000E+00     1.75000000E+00     1.03341870E+01     1.03253090E+00     2.16200000E-07     2.13330400E+00     2.13336470E+00     8.59612880E-03     2.21731170E-01     2.21737480E-01     8.93463700E-04
    1.06400000E+00     1.80000000E+00     1.06294490E+01     1.03253090E+00     2.16200000E-07     2.38766360E+00     2.38772960E+00     1.37251580E-02     2.34573110E-01     2.34579600E-01     1.34841150E-03
    1.06400000E+00     1.87500000E+00     1.10723430E+01     1.03253090E+00     2.16200000E-07     2.81266300E+00     2.81273775E+00     5.42614530E-03     2.54438270E-01     2.54445035E-01     5.01048000E-04
    1.06400000E+00     1.95000000E+00     1.15152370E+01     1.03253090E+00     2.16200000E-07     3.28403060E+00     3.28411470E+00     1.77821730E-03     2.74908450E-01     2.74915480E-01     1.48855800E-04
    1.06400000E+00     2.00000000E+00     1.18104990E+01     1.03253090E+00     2.16200000E-07     3.63175670E+00     3.63184740E+00     1.04761750E-02     2.89006000E-01     2.89013220E-01     8.33667500E-04
    1.06400000E+00     2.05000000E+00     1.21057610E+01     1.03253090E+00     2.16200000E-07     4.00611850E+00     4.00621620E+00     1.56259090E-02     3.03435360E-01     3.03442760E-01     1.18355300E-03
    1.06400000E+00     2.10000000E+00     1.24010240E+01     1.03253090E+00     2.16200000E-07     4.40781010E+00     4.40791490E+00     1.01263700E-02     3.18151810E-01     3.18159380E-01     7.30912400E-04
    1.06400000E+00     2.15000000E+00     1.26962860E+01     1.03253090E+00     2.16200000E-07     4.83784660E+00     4.83795920E+00     1.58034600E-03     3.33138850E-01     3.33146610E-01     1.08824200E-04
    1.06400000E+00     2.20000000E+00     1.29915490E+01     1.03253090E+00     2.16200000E-07     5.29793220E+00     5.29805290E+00     1.12956750E-03     3.48426470E-01     3.48434420E-01     7.42877000E-05
    1.06400000E+00     2.25000000E+00     1.32868110E+01     1.03253090E+00     2.16200000E-07     5.78981600E+00     5.78994520E+00     8.64339040E-03     3.64040620E-01     3.64048740E-01     5.43462000E-04
    1.06400000E+00     2.30000000E+00     1.35820740E+01     1.03253090E+00     2.16200000E-07     6.31459020E+00     6.31472830E+00     1.43636660E-02     3.79961510E-01     3.79969830E-01     8.64290500E-04
    1.06400000E+00     2.35000000E+00     1.38773360E+01     1.03253090E+00     2.16200000E-07     6.87300620E+00     6.87315340E+00     1.17687070E-02     3.96151330E-01     3.96159820E-01     6.78333300E-04
    1.06400000E+00     2.40000000E+00     1.41725990E+01     1.03253090E+00     2.16200000E-07     7.46627090E+00     7.46642790E+00     4.15676670E-03     4.12602040E-01     4.12610720E-01     2.29711800E-04
    1.06400000E+00     2.45000000E+00     1.44678610E+01     1.03253090E+00     2.16200000E-07     8.09613050E+00     8.09629730E+00     1.88081700E-04     4.29334160E-01     4.29343000E-01     9.97390000E-06
    1.06400000E+00     2.50000000E+00     1.47631240E+01     1.03253090E+00     2.16200000E-07     8.76428120E+00     8.76445880E+00     5.40704020E-03     4.46361160E-01     4.46370210E-01     2.75378300E-04
    1.06400000E+00     2.55000000E+00     1.50583860E+01     1.03253090E+00     2.16200000E-07     9.47199470E+00     9.47218290E+00     1.59231520E-02     4.63672350E-01     4.63681560E-01     7.79468900E-04
    1.06400000E+00     2.60000000E+00     1.53536490E+01     1.03253090E+00     2.16200000E-07     1.02202560E+01     1.02204550E+01     2.00235710E-02     4.81243830E-01     4.81253210E-01     9.42855100E-04
    1.06400000E+00     2.65000000E+00     1.56489110E+01     1.03253090E+00     2.16200000E-07     1.10101560E+01     1.10103670E+01     1.13354730E-02     4.99058940E-01     4.99068520E-01     5.13804600E-04
    1.06400000E+00     2.70000000E+00     1.59441740E+01     1.03253090E+00     2.16200000E-07     1.18432710E+01     1.18434940E+01     7.25694900E-04     5.17123450E-01     5.17133220E-01     3.16867000E-05
    1.06400000E+00     2.75000000E+00     1.62394360E+01     1.03253090E+00     2.16200000E-07     1.27215590E+01     1.27217950E+01     5.73045100E-03     5.35457550E-01     5.35467500E-01     2.41197900E-04
    1.06400000E+00     2.80000000E+00     1.65346990E+01     1.03253090E+00     2.16200000E-07     1.36466140E+01     1.36468640E+01     2.45986630E-02     5.54062770E-01     5.54072890E-01     9.98724200E-04
    1.06400000E+00     2.85000000E+00     1.68299610E+01     1.03253090E+00     2.16200000E-07     1.46192500E+01     1.46195130E+01     3.34121970E-02     5.72908800E-01     5.72919090E-01     1.30937920E-03
    1.06400000E+00     2.90000000E+00     1.71252230E+01     1.03253090E+00     2.16200000E-07     1.56402990E+01     1.56405760E+01     1.89553400E-02     5.91969280E-01     5.91979770E-01     7.17440200E-04
    1.06400000E+00     2.95000000E+00     1.74204860E+01     1.03253090E+00     2.16200000E-07     1.67115700E+01     1.67118610E+01     1.80380270E-03     6.11256260E-01     6.11266910E-01     6.59774000E-05
    1.06400000E+00     3.00000000E+00     1.77157480E+01     1.03253090E+00     2.16200000E-07     1.78353190E+01     1.78356260E+01     9.29551960E-03     6.30795350E-01     6.30806200E-01     3.28761700E-04
    1.06400000E+00     3.05000000E+00     1.80110110E+01     1.03253090E+00     2.16200000E-07     1.90129860E+01     1.90133080E+01     3.37646230E-02     6.50580100E-01     6.50591110E-01     1.15534670E-03
    1.06400000E+00     3.10000000E+00     1.83062730E+01     1.03253090E+00     2.16200000E-07     2.02451900E+01     2.02455290E+01     4.09933790E-02     6.70576890E-01     6.70588110E-01     1.35781450E-03
    1.06400000E+00     3.15000000E+00     1.86015360E+01     1.03253090E+00     2.16200000E-07     2.15329630E+01     2.15333180E+01     2.03236790E-02     6.90768940E-01     6.90780340E-01     6.51975600E-04
    1.06400000E+00     3.20000000E+00     1.88967980E+01     1.03253090E+00     2.16200000E-07     2.28782570E+01     2.28786300E+01     1.16277100E-03     7.11169460E-01     7.11181040E-01     3.61447000E-05
    1.06400000E+00     3.25000000E+00     1.91920610E+01     1.03253090E+00     2.16200000E-07     2.42831180E+01     2.42835070E+01     9.94062550E-03     7.31792300E-01     7.31804040E-01     2.99569200E-04
    1.06400000E+00     3.30000000E+00     1.94873230E+01     1.03253090E+00     2.16200000E-07     2.57489130E+01     2.57493210E+01     3.25957330E-02     7.52629310E-01     7.52641250E-01     9.52758800E-04
    1.06400000E+00     3.35000000E+00     1.97825860E+01     1.03253090E+00     2.16200000E-07     2.72765410E+01     2.72769680E+01     3.70109700E-02     7.73659380E-01     7.73671500E-01     1.04976230E-03
    1.06400000E+00     3.40000000E+00     2.00778480E+01     1.03253090E+00     2.16200000E-07     2.88670560E+01     2.88675020E+01     1.82406400E-02     7.94867550E-01     7.94879860E-01     5.02264400E-04
    1.06400000E+00     3.45000000E+00     2.03731110E+01     1.03253090E+00     2.16200000E-07     3.05220440E+01     3.05225110E+01     1.29574570E-03     8.16254420E-01     8.16266890E-01     3.46523000E-05
    1.06400000E+00     3.50000000E+00     2.06683730E+01     1.03253090E+00     2.16200000E-07     3.22434960E+01     3.22439830E+01     5.22481420E-03     8.37830460E-01     8.37843120E-01     1.35764100E-04
    1.06400000E+00     3.55000000E+00     2.09636360E+01     1.03253090E+00     2.16200000E-07     3.40331620E+01     3.40336710E+01     2.24544650E-02     8.59598620E-01     8.59611470E-01     5.67147600E-04
    1.06400000E+00     3.60000000E+00     2.12588980E+01     1.03253090E+00     2.16200000E-07     3.58919790E+01     3.58925090E+01     3.27989010E-02     8.81540990E-01     8.81554020E-01     8.05572100E-04
    1.06400000E+00     3.65000000E+00     2.15541610E+01     1.03253090E+00     2.16200000E-07     3.78205480E+01     3.78211000E+01     2.54907590E-02     9.03633240E-01     9.03646430E-01     6.09041900E-04
    1.06400000E+00     3.70000000E+00     2.18494230E+01     1.03253090E+00     2.16200000E-07     3.98203040E+01     3.98208800E+01     7.99936670E-03     9.25872620E-01     9.25886000E-01     1.85995400E-04
    1.06400000E+00     3.75000000E+00     2.21446860E+01     1.03253090E+00     2.16200000E-07     4.18935960E+01     4.18941950E+01     5.94130500E-04     9.48277000E-01     9.48290570E-01     1.34484000E-05
    1.06400000E+00     3.80000000E+00     2.24399480E+01     1.03253090E+00     2.16200000E-07     4.40422590E+01     4.40428820E+01     1.70305970E-02     9.70850820E-01     9.70864570E-01     3.75416000E-04
    1.06400000E+00     3.85000000E+00     2.27352100E+01     1.03253090E+00     2.16200000E-07     4.62668230E+01     4.62674710E+01     4.32610800E-02     9.93569680E-01     9.93583610E-01     9.29022000E-04
    1.06400000E+00     3.90000000E+00     2.30304730E+01     1.03253090E+00     2.16200000E-07     4.85677200E+01     4.85683940E+01     4.67025920E-02     1.01640930E+00     1.01642340E+00     9.77376500E-04
    1.06400000E+00     3.95000000E+00     2.33257350E+01     1.03253090E+00     2.16200000E-07     5.09466200E+01     5.09473210E+01     1.99630030E-02     1.03937270E+00     1.03938700E+00     4.07269400E-04
    1.06400000E+00     4.00000000E+00     2.36209980E+01     1.03253090E+00     2.16200000E-07     5.34058630E+01     5.34065910E+01     4.70413100E-04     1.06247590E+00     1.06249030E+00     9.35860000E-06
    1.06400000E+00     4.05000000E+00     2.39162600E+01     1.03253090E+00     2.16200000E-07     5.59469410E+01     5.59476970E+01     2.29682300E-02     1.08571650E+00     1.08573110E+00     4.45725600E-04
    1.06400000E+00     4.10000000E+00     2.42115230E+01     1.03253090E+00     2.16200000E-07     5.85703350E+01     5.85711170E+01     6.38704380E-02     1.10907290E+00     1.10908770E+00     1.20943430E-03
    1.06400000E+00     4.15000000E+00     2.45067850E+01     1.03253090E+00     2.16200000E-07     6.12766660E+01     6.12774780E+01     6.74226980E-02     1.13252830E+00     1.13254330E+00     1.24612050E-03
    1.06400000E+00     4.20000000E+00     2.48020480E+01     1.03253090E+00     2.16200000E-07     6.40674300E+01     6.40682710E+01     2.73245390E-02     1.15608250E+00     1.15609770E+00     4.93065200E-04
    1.06400000E+00     4.25000000E+00     2.50973100E+01     1.03253090E+00     2.16200000E-07     6.69445490E+01     6.69454220E+01     1.64716090E-03     1.17974320E+00     1.17975860E+00     2.90274000E-05
    1.06400000E+00     4.30000000E+00     2.53925730E+01     1.03253090E+00     2.16200000E-07     6.99095490E+01     6.99104530E+01     3.01442260E-02     1.20351000E+00     1.20352560E+00     5.18940200E-04
    1.06400000E+00     4.35000000E+00     2.56878350E+01     1.03253090E+00     2.16200000E-07     7.29632050E+01     7.29641420E+01     7.42036890E-02     1.22737000E+00     1.22738580E+00     1.24823710E-03
    1.06400000E+00     4.40000000E+00     2.59830980E+01     1.03253090E+00     2.16200000E-07     7.61059250E+01     7.61068930E+01     7.15848910E-02     1.25130510E+00     1.25132110E+00     1.17697200E-03
    1.06400000E+00     4.45000000E+00     2.62783600E+01     1.03253090E+00     2.16200000E-07     7.93386280E+01     7.93396290E+01     2.61237670E-02     1.27530710E+00     1.27532320E+00     4.19919300E-04
    1.06400000E+00     4.50000000E+00     2.65736230E+01     1.03253090E+00     2.16200000E-07     8.26631790E+01     8.26642160E+01     5.27986500E-04     1.29938300E+00     1.29939930E+00     8.29940000E-06
    1.06400000E+00     4.55000000E+00     2.68688850E+01     1.03253090E+00     2.16200000E-07     8.60814970E+01     8.60825690E+01     2.67027960E-02     1.32354020E+00     1.32355670E+00     4.10567000E-04
    1.06400000E+00     4.60000000E+00     2.71641480E+01     1.03253090E+00     2.16200000E-07     8.95942470E+01     8.95953550E+01     6.52101770E-02     1.34776620E+00     1.34778290E+00     9.80956700E-04
    1.06400000E+00     4.65000000E+00     2.74594100E+01     1.03253090E+00     2.16200000E-07     9.32011950E+01     9.32023380E+01     6.41690100E-02     1.37203660E+00     1.37205340E+00     9.44647000E-04
    1.06400000E+00     4.70000000E+00     2.77546720E+01     1.03253090E+00     2.16200000E-07     9.69030650E+01     9.69042440E+01     2.69080680E-02     1.39634230E+00     1.39635930E+00     3.87736700E-04
    1.06400000E+00     4.75000000E+00     2.80499350E+01     1.03253090E+00     2.16200000E-07     1.00702090E+02     1.00703310E+02     7.08454900E-04     1.42069670E+00     1.42071390E+00     9.99480000E-06
    1.06400000E+00     4.82500000E+00     2.84928285E+01     1.03253090E+00     2.16200000E-07     1.06598645E+02     1.06599915E+02     3.24355750E-02     1.45732945E+00     1.45734690E+00     4.41027300E-04
    1.06400000E+00     4.90000000E+00     2.89357220E+01     1.03253090E+00     2.16200000E-07     1.12692880E+02     1.12694220E+02     6.48727420E-02     1.49401310E+00     1.49403090E+00     8.60043100E-04
    1.06400000E+00     4.95000000E+00     2.92309850E+01     1.03253090E+00     2.16200000E-07     1.16888320E+02     1.16889700E+02     4.19913790E-02     1.51848610E+00     1.51850400E+00     5.45506400E-04
    1.06400000E+00     5.00000000E+00     2.95262470E+01     1.03253090E+00     2.16200000E-07     1.21185420E+02     1.21186840E+02     7.50210360E-03     1.54298070E+00     1.54299880E+00     9.55197000E-05
    1.06400000E+00     5.07500000E+00     2.99691410E+01     1.03253090E+00     2.16200000E-07     1.27836790E+02     1.27838275E+02     2.51887624E-02     1.57975640E+00     1.57977480E+00     3.08890900E-04
    1.06400000E+00     5.15000000E+00     3.04120350E+01     1.03253090E+00     2.16200000E-07     1.34694190E+02     1.34695750E+02     8.34026920E-02     1.61653280E+00     1.61655150E+00     1.00095770E-03
    1.06400000E+00     5.20000000E+00     3.07072970E+01     1.03253090E+00     2.16200000E-07     1.39403640E+02     1.39405240E+02     7.00779380E-02     1.64103390E+00     1.64105270E+00     8.24944500E-04
    1.06400000E+00     5.25000000E+00     3.10025600E+01     1.03253090E+00     2.16200000E-07     1.44217690E+02     1.44219330E+02     1.95881360E-02     1.66552070E+00     1.66553970E+00     2.26216700E-04
    1.06400000E+00     5.32500000E+00     3.14454535E+01     1.03253090E+00     2.16200000E-07     1.51651330E+02     1.51653050E+02     2.78402451E-02     1.70223000E+00     1.70224930E+00     3.09892000E-04
    1.06400000E+00     5.40000000E+00     3.18883470E+01     1.03253090E+00     2.16200000E-07     1.59297910E+02     1.59299700E+02     1.11112990E-01     1.73889220E+00     1.73891180E+00     1.21290680E-03
    1.06400000E+00     5.45000000E+00     3.21836100E+01     1.03253090E+00     2.16200000E-07     1.64536650E+02     1.64538490E+02     9.82119870E-02     1.76327380E+00     1.76329360E+00     1.05249880E-03
    1.06400000E+00     5.50000000E+00     3.24788720E+01     1.03253090E+00     2.16200000E-07     1.69882570E+02     1.69884460E+02     3.00712300E-02     1.78761320E+00     1.78763310E+00     3.16428700E-04
    1.06400000E+00     5.57500000E+00     3.29217660E+01     1.03253090E+00     2.16200000E-07     1.78119650E+02     1.78121625E+02     3.38939439E-02     1.82405350E+00     1.82407370E+00     3.44404300E-04
    1.06400000E+00     5.65000000E+00     3.33646590E+01     1.03253090E+00     2.16200000E-07     1.86573420E+02     1.86575470E+02     1.30801040E-01     1.86038570E+00     1.86040620E+00     1.30426070E-03
    1.06400000E+00     5.70000000E+00     3.36599220E+01     1.03253090E+00     2.16200000E-07     1.92352760E+02     1.92354860E+02     1.11894740E-01     1.88451160E+00     1.88453220E+00     1.09625120E-03
    1.06400000E+00     5.75000000E+00     3.39551840E+01     1.03253090E+00     2.16200000E-07     1.98241300E+02     1.98243460E+02     3.26996990E-02     1.90857210E+00     1.90859290E+00     3.14817000E-04
    1.06400000E+00     5.82500000E+00     3.43980780E+01     1.03253090E+00     2.16200000E-07     2.07294555E+02     2.07296800E+02     3.39531359E-02     1.94453250E+00     1.94455360E+00     3.16117400E-04
    1.06400000E+00     5.90000000E+00     3.48409720E+01     1.03253090E+00     2.16200000E-07     2.16566650E+02     2.16568990E+02     1.26478380E-01     1.98033050E+00     1.98035180E+00     1.15654460E-03
    1.06400000E+00     5.95000000E+00     3.51362340E+01     1.03253090E+00     2.16200000E-07     2.22893140E+02     2.22895540E+02     1.04511190E-01     2.00407000E+00     2.00409160E+00     9.39677800E-04
    1.06400000E+00     6.00000000E+00     3.54314970E+01     1.03253090E+00     2.16200000E-07     2.29329050E+02     2.29331510E+02     3.00880530E-02     2.02771400E+00     2.02773570E+00     2.66036800E-04
    1.06400000E+00     6.07500000E+00     3.58743905E+01     1.03253090E+00     2.16200000E-07     2.39203515E+02     2.39206065E+02     2.33313479E-02     2.06299150E+00     2.06301350E+00     1.99656500E-04
    1.06400000E+00     6.15000000E+00     3.63172840E+01     1.03253090E+00     2.16200000E-07     2.49297720E+02     2.49300360E+02     9.75691050E-02     2.09806130E+00     2.09808360E+00     8.21130500E-04
    1.06400000E+00     6.20000000E+00     3.66125470E+01     1.03253090E+00     2.16200000E-07     2.56171790E+02     2.56174500E+02     9.25233850E-02     2.12128020E+00     2.12130260E+00     7.66157800E-04
    1.06400000E+00     6.25000000E+00     3.69078090E+01     1.03253090E+00     2.16200000E-07     2.63154250E+02     2.63157030E+02     4.17491330E-02     2.14437370E+00     2.14439640E+00     3.40202500E-04
    1.06400000E+00     6.32500000E+00     3.73507030E+01     1.03253090E+00     2.16200000E-07     2.73847515E+02     2.73850395E+02     1.11090909E-02     2.17877840E+00     2.17880140E+00     8.79290000E-05
    1.06400000E+00     6.40000000E+00     3.77935970E+01     1.03253090E+00     2.16200000E-07     2.84758640E+02     2.84761620E+02     7.45698210E-02     2.21292690E+00     2.21295010E+00     5.79499800E-04
    1.06400000E+00     6.45000000E+00     3.80888590E+01     1.03253090E+00     2.16200000E-07     2.92174990E+02     2.92178050E+02     1.15227590E-01     2.23549510E+00     2.23551850E+00     8.81631600E-04
    1.06400000E+00     6.50000000E+00     3.83841220E+01     1.03253090E+00     2.16200000E-07     2.99698210E+02     2.99701330E+02     8.89058940E-02     2.25791480E+00     2.25793830E+00     6.69813600E-04
    1.06400000E+00     6.57500000E+00     3.88270150E+01     1.03253090E+00     2.16200000E-07     3.11199145E+02     3.11202380E+02     1.41131070E-02     2.29126205E+00     2.29128590E+00     1.04280300E-04
    1.06400000E+00     6.65000000E+00     3.92699090E+01     1.03253090E+00     2.16200000E-07     3.22912950E+02     3.22916290E+02     9.54932990E-02     2.32430060E+00     2.32432460E+00     6.87352800E-04
    1.06400000E+00     6.70000000E+00     3.95651710E+01     1.03253090E+00     2.16200000E-07     3.30861170E+02     3.30864600E+02     1.85267780E-01     2.34609890E+00     2.34612320E+00     1.31371270E-03
    1.06400000E+00     6.75000000E+00     3.98604340E+01     1.03253090E+00     2.16200000E-07     3.38913760E+02     3.38917260E+02     1.51609090E-01     2.36772780E+00     2.36775220E+00     1.05917520E-03
    1.06400000E+00     6.82500000E+00     4.03033275E+01     1.03253090E+00     2.16200000E-07     3.51201755E+02     3.51205370E+02     2.93043870E-02     2.39983590E+00     2.39986060E+00     2.00706900E-04
    1.06400000E+00     6.90000000E+00     4.07462210E+01     1.03253090E+00     2.16200000E-07     3.63695850E+02     3.63699590E+02     1.45275250E-01     2.43158960E+00     2.43161460E+00     9.71278000E-04
    1.06400000E+00     6.95000000E+00     4.10414840E+01     1.03253090E+00     2.16200000E-07     3.72159980E+02     3.72163800E+02     2.41236490E-01     2.45250650E+00     2.45253170E+00     1.58973050E-03
    1.06400000E+00     7.00000000E+00     4.13367460E+01     1.03253090E+00     2.16200000E-07     3.80723910E+02     3.80727810E+02     1.66807830E-01     2.47322820E+00     2.47325350E+00     1.08360370E-03
    1.06400000E+00     7.07500000E+00     4.17796400E+01     1.03253090E+00     2.16200000E-07     3.93769735E+02     3.93773770E+02     3.03122270E-02     2.50392710E+00     2.50395270E+00     1.92780400E-04
    1.06400000E+00     7.15000000E+00     4.22225340E+01     1.03253090E+00     2.16200000E-07     4.07013730E+02     4.07017890E+02     1.53119740E-01     2.53423620E+00     2.53426210E+00     9.53386900E-04
    1.06400000E+00     7.20000000E+00     4.25177960E+01     1.03253090E+00     2.16200000E-07     4.15970920E+02     4.15975170E+02     2.07690700E-01     2.55415990E+00     2.55418600E+00     1.27527010E-03
    1.06400000E+00     7.25000000E+00     4.28130590E+01     1.03253090E+00     2.16200000E-07     4.25022090E+02     4.25026430E+02     1.16357320E-01     2.57386400E+00     2.57389030E+00     7.04640800E-04
    1.06400000E+00     7.32500000E+00     4.32559525E+01     1.03253090E+00     2.16200000E-07     4.38789050E+02     4.38793530E+02     1.51076100E-02     2.60300260E+00     2.60302910E+00     8.95034000E-05
    1.06400000E+00     7.40000000E+00     4.36988460E+01     1.03253090E+00     2.16200000E-07     4.52742630E+02     4.52747240E+02     8.88769030E-02     2.63171020E+00     2.63173700E+00     5.16625200E-04
    1.06400000E+00     7.45000000E+00     4.39941080E+01     1.03253090E+00     2.16200000E-07     4.62164200E+02     4.62168910E+02     1.19646590E-01     2.65053700E+00     2.65056400E+00     6.86179700E-04
    1.06400000E+00     7.50000000E+00     4.42893710E+01     1.03253090E+00     2.16200000E-07     4.71674200E+02     4.71679000E+02     9.18932170E-02     2.66912990E+00     2.66915700E+00     5.20009200E-04
    1.06400000E+00     7.57500000E+00     4.47322645E+01     1.03253090E+00     2.16200000E-07     4.86116155E+02     4.86121100E+02     2.73920759E-02     2.69656275E+00     2.69659015E+00     1.52603200E-04
    1.06400000E+00     7.65000000E+00     4.51751580E+01     1.03253090E+00     2.16200000E-07     5.00730070E+02     5.00735170E+02     2.37519050E-02     2.72352220E+00     2.72354990E+00     1.29189100E-04
    1.06400000E+00     7.70000000E+00     4.54704210E+01     1.03253090E+00     2.16200000E-07     5.10583320E+02     5.10588520E+02     1.09115080E-01     2.74116570E+00     2.74119360E+00     5.85805500E-04
    1.06400000E+00     7.75000000E+00     4.57656830E+01     1.03253090E+00     2.16200000E-07     5.20517550E+02     5.20522850E+02     1.87904770E-01     2.75855780E+00     2.75858580E+00     9.95828400E-04
    1.06400000E+00     7.82500000E+00     4.62085770E+01     1.03253090E+00     2.16200000E-07     5.35578970E+02     5.35584435E+02     8.51390955E-02     2.78414655E+00     2.78417490E+00     4.44568500E-04
    1.06400000E+00     7.90000000E+00     4.66514710E+01     1.03253090E+00     2.16200000E-07     5.50797640E+02     5.50803260E+02     3.57823940E-02     2.80923460E+00     2.80926320E+00     1.82501000E-04
    1.06400000E+00     7.95000000E+00     4.69467330E+01     1.03253090E+00     2.16200000E-07     5.61043420E+02     5.61049140E+02     2.17110210E-01     2.82561070E+00     2.82563950E+00     1.09344290E-03
    1.06400000E+00     8.00000000E+00     4.72419960E+01     1.03253090E+00     2.16200000E-07     5.71360730E+02     5.71366570E+02     3.34101710E-01     2.84171510E+00     2.84174410E+00     1.66168550E-03
    1.06400000E+00     8.07500000E+00     4.76848895E+01     1.03253090E+00     2.16200000E-07     5.86979920E+02     5.86985920E+02     1.23576506E-01     2.86534435E+00     2.86537365E+00     6.05926700E-04
    1.06400000E+00     8.17500000E+00     4.82754145E+01     1.03253090E+00     2.16200000E-07     6.08035900E+02     6.08042120E+02     1.97056810E-01     2.89596200E+00     2.89599165E+00     9.35478800E-04
    1.06400000E+00     8.25000000E+00     4.87183080E+01     1.03253090E+00     2.16200000E-07     6.23988000E+02     6.23994390E+02     3.52339720E-01     2.91822290E+00     2.91825280E+00     1.64779750E-03
    1.06400000E+00     8.32500000E+00     4.91612020E+01     1.03253090E+00     2.16200000E-07     6.40095945E+02     6.40102520E+02     8.61116565E-02     2.93979125E+00     2.93982145E+00     3.97572300E-04
    1.06400000E+00     8.42500000E+00     4.97517265E+01     1.03253090E+00     2.16200000E-07     6.61769570E+02     6.61776385E+02     1.65107190E-01     2.96761360E+00     2.96764415E+00     7.38513100E-04
    1.06400000E+00     8.50000000E+00     5.01946200E+01     1.03253090E+00     2.16200000E-07     6.78160200E+02     6.78167190E+02     2.18524040E-01     2.98775210E+00     2.98778290E+00     9.62745500E-04
    1.06400000E+00     8.57500000E+00     5.06375140E+01     1.03253090E+00     2.16200000E-07     6.94679885E+02     6.94687060E+02     4.32952982E-02     3.00716680E+00     3.00719785E+00     1.88362400E-04
    1.06400000E+00     8.67500000E+00     5.12280390E+01     1.03253090E+00     2.16200000E-07     7.16866715E+02     7.16874150E+02     6.66117650E-02     3.03208195E+00     3.03211340E+00     2.81065900E-04
    1.06400000E+00     8.75000000E+00     5.16709330E+01     1.03253090E+00     2.16200000E-07     7.33615470E+02     7.33623100E+02     1.33135280E-01     3.05001860E+00     3.05005030E+00     5.53512200E-04
    1.06400000E+00     8.82500000E+00     5.21138265E+01     1.03253090E+00     2.16200000E-07     7.50463775E+02     7.50471605E+02     1.10352535E-01     3.06720230E+00     3.06723425E+00     4.51715200E-04
    1.06400000E+00     8.92500000E+00     5.27043515E+01     1.03253090E+00     2.16200000E-07     7.73052210E+02     7.73060310E+02     3.05321079E-02     3.08912075E+00     3.08915315E+00     1.21441300E-04
    1.06400000E+00     9.00000000E+00     5.31472450E+01     1.03253090E+00     2.16200000E-07     7.90072120E+02     7.90080430E+02     2.40617090E-01     3.10478720E+00     3.10481980E+00     9.45565400E-04
    1.06400000E+00     9.07500000E+00     5.35901390E+01     1.03253090E+00     2.16200000E-07     8.07162215E+02     8.07170725E+02     2.51714535E-01     3.11968425E+00     3.11971715E+00     9.74522800E-04
    1.06400000E+00     9.17500000E+00     5.41806640E+01     1.03253090E+00     2.16200000E-07     8.30032895E+02     8.30041695E+02     7.83544110E-02     3.13853240E+00     3.13856565E+00     2.95041700E-04
    1.06400000E+00     9.25000000E+00     5.46235570E+01     1.03253090E+00     2.16200000E-07     8.47233390E+02     8.47242410E+02     4.05969860E-01     3.15188030E+00     3.15191380E+00     1.51029030E-03
    1.06400000E+00     9.32500000E+00     5.50664510E+01     1.03253090E+00     2.16200000E-07     8.64473875E+02     8.64483105E+02     3.03983260E-01     3.16444955E+00     3.16448335E+00     1.11529710E-03
    1.06400000E+00     9.42500000E+00     5.56569760E+01     1.03253090E+00     2.16200000E-07     8.87501735E+02     8.87511275E+02     1.07303958E-01     3.18017350E+00     3.18020770E+00     3.82913000E-04
    1.06400000E+00     9.50000000E+00     5.60998700E+01     1.03253090E+00     2.16200000E-07     9.04789730E+02     9.04799490E+02     4.08121570E-01     3.19117460E+00     3.19120900E+00     1.43943630E-03
    1.06400000E+00     9.57500000E+00     5.65427635E+01     1.03253090E+00     2.16200000E-07     9.22084275E+02     9.22094275E+02     2.22058836E-01     3.20138470E+00     3.20141940E+00     7.73211800E-04
    1.06400000E+00     9.65000000E+00     5.69856570E+01     1.03253090E+00     2.16200000E-07     9.39379260E+02     9.39389490E+02     4.34819230E-03     3.21097150E+00     3.21100650E+00     1.48629000E-05
    1.06400000E+00     9.70000000E+00     5.72809200E+01     1.03253090E+00     2.16200000E-07     9.50904450E+02     9.50914840E+02     1.30999500E-01     3.21694420E+00     3.21697930E+00     4.43176000E-04
    1.06400000E+00     9.75000000E+00     5.75761820E+01     1.03253090E+00     2.16200000E-07     9.62420130E+02     9.62430670E+02     2.56229700E-01     3.22259390E+00     3.22262920E+00     8.57966500E-04
    1.06400000E+00     9.82500000E+00     5.80190760E+01     1.03253090E+00     2.16200000E-07     9.79670705E+02     9.79681505E+02     1.57474992E-01     3.23043190E+00     3.23046750E+00     5.20346100E-04
    1.06400000E+00     9.90000000E+00     5.84619700E+01     1.03253090E+00     2.16200000E-07     9.96897460E+02     9.96908510E+02     1.38952460E-02     3.23765230E+00     3.23768820E+00     4.51280000E-05
    1.06400000E+00     9.95000000E+00     5.87572320E+01     1.03253090E+00     2.16200000E-07     1.00835880E+03     1.00837000E+03     3.85301460E-02     3.24204510E+00     3.24208120E+00     1.23881000E-04
    1.06400000E+00     1.01000000E+01     5.96430196E+01     1.03253090E+00     2.16200000E-07     1.04257426E+03     1.04258598E+03     1.36802899E-01     3.25300240E+00     3.25303900E+00     4.29784100E-04
    1.06400000E+00     1.03500000E+01     6.11193318E+01     1.03253090E+00     2.16200000E-07     1.09903194E+03     1.09904458E+03     2.09056607E-01     3.26554006E+00     3.26557760E+00     6.24629300E-04
    1.06400000E+00     1.06000000E+01     6.25956442E+01     1.03253090E+00     2.16200000E-07     1.15445064E+03     1.15446422E+03     2.53023647E-01     3.27034782E+00     3.27038620E+00     7.21158900E-04
    1.06400000E+00     1.08500000E+01     6.40719568E+01     1.03253090E+00     2.16200000E-07     1.20851118E+03     1.20852572E+03     2.42773239E-01     3.26757864E+00     3.26761796E+00     6.60724200E-04
    1.06400000E+00     1.11000000E+01     6.55482688E+01     1.03253090E+00     2.16200000E-07     1.26090566E+03     1.26092124E+03     2.06235112E-01     3.25743484E+00     3.25747512E+00     5.36034200E-04
    1.06400000E+00     1.13500000E+01     6.70245812E+01     1.03253090E+00     2.16200000E-07     1.31134144E+03     1.31135812E+03     1.81485393E-01     3.24016496E+00     3.24020612E+00     4.49812400E-04
    1.06400000E+00     1.16000000E+01     6.85008938E+01     1.03253090E+00     2.16200000E-07     1.35954470E+03     1.35956248E+03     2.19658836E-01     3.21606086E+00     3.21610292E+00     5.18831600E-04
    1.06400000E+00     1.18500000E+01     6.99772062E+01     1.03253090E+00     2.16200000E-07     1.40526404E+03     1.40528302E+03     3.24196032E-01     3.18545456E+00     3.18549754E+00     7.33276000E-04
    1.06400000E+00     1.21000000E+01     7.14535182E+01     1.03253090E+00     2.16200000E-07     1.44827530E+03     1.44829546E+03     3.79205054E-01     3.14871790E+00     3.14876176E+00     8.24162600E-04
    1.06400000E+00     1.23500000E+01     7.29298308E+01     1.03253090E+00     2.16200000E-07     1.48838428E+03     1.48840574E+03     2.90881504E-01     3.10625784E+00     3.10630262E+00     6.07999900E-04
    1.06400000E+00     1.26000000E+01     7.44061432E+01     1.03253090E+00     2.16200000E-07     1.52542940E+03     1.52545218E+03     1.93700310E-01     3.05851144E+00     3.05855712E+00     3.87522800E-04
    1.06400000E+00     1.28500000E+01     7.58824558E+01     1.03253090E+00     2.16200000E-07     1.55928550E+03     1.55930968E+03     2.96042317E-01     3.00594484E+00     3.00599144E+00     5.66345100E-04
    1.06400000E+00     1.31000000E+01     7.73587678E+01     1.03253090E+00     2.16200000E-07     1.58986656E+03     1.58989218E+03     5.09788722E-01     2.94904930E+00     2.94909678E+00     9.40122400E-04
    1.06400000E+00     1.33500000E+01     7.88350802E+01     1.03253090E+00     2.16200000E-07     1.61712718E+03     1.61715428E+03     5.22536472E-01     2.88833602E+00     2.88838442E+00     9.29994500E-04
    1.06400000E+00     1.36000000E+01     8.03113928E+01     1.03253090E+00     2.16200000E-07     1.64106424E+03     1.64109290E+03     3.02758768E-01     2.82433210E+00     2.82438142E+00     5.19708500E-04
    1.06400000E+00     1.38500000E+01     8.17877052E+01     1.03253090E+00     2.16200000E-07     1.66171918E+03     1.66174948E+03     1.99506530E-01     2.75757794E+00     2.75762818E+00     3.28825300E-04
    1.06400000E+00     1.41000000E+01     8.32640172E+01     1.03253090E+00     2.16200000E-07     1.67917870E+03     1.67921062E+03     3.99930357E-01     2.68862298E+00     2.68867412E+00     6.36064700E-04
    1.06400000E+00     1.43500000E+01     8.47403298E+01     1.03253090E+00     2.16200000E-07     1.69357440E+03     1.69360808E+03     6.22558879E-01     2.61802026E+00     2.61807228E+00     9.57730000E-04
    1.06400000E+00     1.46000000E+01     8.62166422E+01     1.03253090E+00     2.16200000E-07     1.70508274E+03     1.70511820E+03     5.57233423E-01     2.54632220E+00     2.54637514E+00     8.28820200E-04
    1.06400000E+00     1.48500000E+01     8.76929544E+01     1.03253090E+00     2.16200000E-07     1.71392604E+03     1.71396336E+03     3.18424982E-01     2.47407948E+00     2.47413330E+00     4.57586200E-04
    1.06400000E+00     1.51000000E+01     8.91692668E+01     1.03253090E+00     2.16200000E-07     1.72036978E+03     1.72040898E+03     2.28740678E-01     2.40183422E+00     2.40188898E+00     3.17765700E-04
    1.06400000E+00     1.53500000E+01     9.06455792E+01     1.03253090E+00     2.16200000E-07     1.72472094E+03     1.72476216E+03     3.78605906E-01     2.33011634E+00     2.33017200E+00     5.10045000E-04
    1.06400000E+00     1.56000000E+01     9.21218918E+01     1.03253090E+00     2.16200000E-07     1.72732662E+03     1.72736988E+03     5.95086389E-01     2.25944078E+00     2.25949736E+00     7.77137000E-04
    1.06400000E+00     1.58500000E+01     9.35982038E+01     1.03253090E+00     2.16200000E-07     1.72857194E+03     1.72861728E+03     6.67137909E-01     2.19030466E+00     2.19036214E+00     8.44493500E-04
    1.06400000E+00     1.61000000E+01     9.50745162E+01     1.03253090E+00     2.16200000E-07     1.72887550E+03     1.72892310E+03     5.05117178E-01     2.12318210E+00     2.12324050E+00     6.20136200E-04
    1.06400000E+00     1.63500000E+01     9.65508288E+01     1.03253090E+00     2.16200000E-07     1.72868668E+03     1.72873646E+03     2.69296877E-01     2.05852164E+00     2.05858094E+00     3.21098800E-04
    1.06400000E+00     1.66000000E+01     9.80271410E+01     1.03253090E+00     2.16200000E-07     1.72848134E+03     1.72853346E+03     3.11593101E-01     1.99674368E+00     1.99680384E+00     3.60814300E-04
    1.06400000E+00     1.68500000E+01     9.95034536E+01     1.03253090E+00     2.16200000E-07     1.72875924E+03     1.72881374E+03     7.06851746E-01     1.93823912E+00     1.93830022E+00     7.94120400E-04
    1.06400000E+00     1.71000000E+01     1.00979766E+02     1.03253090E+00     2.16200000E-07     1.73003604E+03     1.73009304E+03     9.75899728E-01     1.88336366E+00     1.88342566E+00     1.06501860E-03
    1.06400000E+00     1.73500000E+01     1.02456078E+02     1.03253090E+00     2.16200000E-07     1.73284098E+03     1.73290050E+03     7.12383802E-01     1.83243826E+00     1.83250120E+00     7.56079000E-04
    1.06400000E+00     1.76000000E+01     1.03932392E+02     1.03253090E+00     2.16200000E-07     1.73771118E+03     1.73777330E+03     3.05240304E-01     1.78574712E+00     1.78581098E+00     3.15378300E-04
    1.06400000E+00     1.78500000E+01     1.05408704E+02     1.03253090E+00     2.16200000E-07     1.74518618E+03     1.74525100E+03     4.20586788E-01     1.74353592E+00     1.74360068E+00     4.21455200E-04
    1.06400000E+00     1.81000000E+01     1.06885016E+02     1.03253090E+00     2.16200000E-07     1.75580086E+03     1.75586842E+03     9.18281826E-01     1.70600914E+00     1.70607480E+00     8.94912400E-04
    1.06400000E+00     1.83500000E+01     1.08361328E+02     1.03253090E+00     2.16200000E-07     1.77008192E+03     1.77015234E+03     1.05370345E+00     1.67333150E+00     1.67339804E+00     1.00026930E-03
    1.06400000E+00     1.86000000E+01     1.09837638E+02     1.03253090E+00     2.16200000E-07     1.78854142E+03     1.78861472E+03     6.82984693E-01     1.64562638E+00     1.64569386E+00     6.31935200E-04
    1.06400000E+00     1.88500000E+01     1.11313952E+02     1.03253090E+00     2.16200000E-07     1.81167138E+03     1.81174770E+03     4.15784761E-01     1.62297614E+00     1.62304452E+00     3.74105700E-04
    1.06400000E+00     1.91000000E+01     1.12790264E+02     1.03253090E+00     2.16200000E-07     1.83993590E+03     1.84001532E+03     5.65973509E-01     1.60541984E+00     1.60548910E+00     4.94648400E-04
    1.06400000E+00     1.93500000E+01     1.14266576E+02     1.03253090E+00     2.16200000E-07     1.87376980E+03     1.87385238E+03     8.05045815E-01     1.59295756E+00     1.59302774E+00     6.85654200E-04
    1.06400000E+00     1.96000000E+01     1.15742888E+02     1.03253090E+00     2.16200000E-07     1.91357072E+03     1.91365650E+03     8.74891371E-01     1.58554866E+00     1.58561976E+00     7.26484900E-04
    1.06400000E+00     1.98500000E+01     1.17219202E+02     1.03253090E+00     2.16200000E-07     1.95969438E+03     1.95978350E+03     8.35149158E-01     1.58311298E+00     1.58318500E+00     6.76166000E-04
    1.06400000E+00     2.01000000E+01     1.18695514E+02     1.03253090E+00     2.16200000E-07     2.01244950E+03     2.01254204E+03     6.85749688E-01     1.58553194E+00     1.58560488E+00     5.41564300E-04
    1.06400000E+00     2.03500000E+01     1.20171826E+02     1.03253090E+00     2.16200000E-07     2.07209650E+03     2.07219254E+03     5.26541600E-01     1.59265230E+00     1.59272610E+00     4.04748900E-04
    1.06400000E+00     2.06000000E+01     1.21648138E+02     1.03253090E+00     2.16200000E-07     2.13883990E+03     2.13893952E+03     7.83134672E-01     1.60428518E+00     1.60435990E+00     5.85251400E-04
    1.06400000E+00     2.08500000E+01     1.23124452E+02     1.03253090E+00     2.16200000E-07     2.21282756E+03     2.21293088E+03     1.41867100E+00     1.62021006E+00     1.62028568E+00     1.03601280E-03
    1.06400000E+00     2.11000000E+01     1.24600764E+02     1.03253090E+00     2.16200000E-07     2.29414512E+03     2.29425218E+03     1.53518680E+00     1.64017514E+00     1.64025166E+00     1.09700320E-03
    1.06400000E+00     2.13500000E+01     1.26077076E+02     1.03253090E+00     2.16200000E-07     2.38281938E+03     2.38293028E+03     8.39904023E-01     1.66390388E+00     1.66398132E+00     5.87424800E-04
    1.06400000E+00     2.16000000E+01     1.27553388E+02     1.03253090E+00     2.16200000E-07     2.47880928E+03     2.47892414E+03     5.87615236E-01     1.69109250E+00     1.69117086E+00     3.99611300E-04
    1.06400000E+00     2.18500000E+01     1.29029702E+02     1.03253090E+00     2.16200000E-07     2.58201036E+03     2.58212924E+03     1.59623972E+00     1.72141660E+00     1.72149584E+00     1.05982410E-03
    1.06400000E+00     2.21000000E+01     1.30506014E+02     1.03253090E+00     2.16200000E-07     2.69225148E+03     2.69237452E+03     2.46138391E+00     1.75453218E+00     1.75461234E+00     1.60013180E-03
    1.06400000E+00     2.23500000E+01     1.31982326E+02     1.03253090E+00     2.16200000E-07     2.80929904E+03     2.80942628E+03     1.71185465E+00     1.79008138E+00     1.79016244E+00     1.08977130E-03
    1.06400000E+00     2.26000000E+01     1.33458638E+02     1.03253090E+00     2.16200000E-07     2.93285112E+03     2.93298266E+03     5.43838632E-01     1.82769112E+00     1.82777312E+00     3.38750800E-04
    1.06400000E+00     2.28500000E+01     1.34934952E+02     1.03253090E+00     2.16200000E-07     3.06254634E+03     3.06268232E+03     9.37189577E-01     1.86698108E+00     1.86706398E+00     5.69410900E-04
    1.06400000E+00     2.31000000E+01     1.36411262E+02     1.03253090E+00     2.16200000E-07     3.19796070E+03     3.19810122E+03     2.16375029E+00     1.90756348E+00     1.90764728E+00     1.28782380E-03
    1.06400000E+00     2.33500000E+01     1.37887574E+02     1.03253090E+00     2.16200000E-07     3.33861678E+03     3.33876184E+03     2.06611160E+00     1.94904996E+00     1.94913466E+00     1.20441720E-03
    1.06400000E+00     2.36000000E+01     1.39363886E+02     1.03253090E+00     2.16200000E-07     3.48397760E+03     3.48412740E+03     8.66588864E-01     1.99104916E+00     1.99113476E+00     4.94430500E-04
    1.06400000E+00     2.38500000E+01     1.40840198E+02     1.03253090E+00     2.16200000E-07     3.63346188E+03     3.63361650E+03     5.28398464E-01     2.03317646E+00     2.03326298E+00     2.94814500E-04
    1.06400000E+00     2.41000000E+01     1.42316512E+02     1.03253090E+00     2.16200000E-07     3.78644088E+03     3.78660038E+03     1.12975801E+00     2.07505210E+00     2.07513950E+00     6.18528900E-04
    1.06400000E+00     2.43500000E+01     1.43792824E+02     1.03253090E+00     2.16200000E-07     3.94224922E+03     3.94241378E+03     1.20291313E+00     2.11630778E+00     2.11639612E+00     6.45865700E-04
    1.06400000E+00     2.46000000E+01     1.45269136E+02     1.03253090E+00     2.16200000E-07     4.10018302E+03     4.10035270E+03     8.91720280E-01     2.15658490E+00     2.15667412E+00     4.69268900E-04
    1.06400000E+00     2.48500000E+01     1.46745448E+02     1.03253090E+00     2.16200000E-07     4.25951774E+03     4.25969262E+03     1.32007669E+00     2.19554368E+00     2.19563384E+00     6.80605000E-04
    1.06400000E+00     2.52250000E+01     1.48959918E+02     1.03253090E+00     2.16200000E-07     4.49944095E+03     4.49962390E+03     1.37338181E+00     2.25054453E+00     2.25063603E+00     6.89813500E-04
    1.06400000E+00     2.57250000E+01     1.51912542E+02     1.03253090E+00     2.16200000E-07     4.81705091E+03     4.81724497E+03     1.30563338E+00     2.31670212E+00     2.31679543E+00     6.25224000E-04
    1.06400000E+00     2.62250000E+01     1.54865168E+02     1.03253090E+00     2.16200000E-07     5.12657842E+03     5.12678400E+03     3.24021861E+00     2.37249267E+00     2.37258782E+00     1.50479720E-03
    1.06400000E+00     2.67250000E+01     1.57817792E+02     1.03253090E+00     2.16200000E-07     5.42212049E+03     5.42233806E+03     1.38265813E+00     2.41629835E+00     2.41639532E+00     6.14471100E-04
    1.06400000E+00     2.72250000E+01     1.60770418E+02     1.03253090E+00     2.16200000E-07     5.69822074E+03     5.69845076E+03     4.05904922E+00     2.44697031E+00     2.44706907E+00     1.74664760E-03
    1.06400000E+00     2.77250000E+01     1.63723041E+02     1.03253090E+00     2.16200000E-07     5.95009420E+03     5.95033712E+03     1.44061669E+00     2.46384855E+00     2.46394914E+00     5.98646500E-04
    1.06400000E+00     2.82250000E+01     1.66675665E+02     1.03253090E+00     2.16200000E-07     6.17384631E+03     6.17410259E+03     2.69244707E+00     2.46677105E+00     2.46687345E+00     1.07558110E-03
    1.06400000E+00     2.87250000E+01     1.69628290E+02     1.03253090E+00     2.16200000E-07     6.36665174E+03     6.36692188E+03     1.44199411E+00     2.45606059E+00     2.45616478E+00     5.57863700E-04
    1.06400000E+00     2.92250000E+01     1.72580915E+02     1.03253090E+00     2.16200000E-07     6.52690630E+03     6.52719081E+03     1.38431600E+00     2.43250032E+00     2.43260634E+00     5.15770600E-04
    1.06400000E+00     2.97250000E+01     1.75533540E+02     1.03253090E+00     2.16200000E-07     6.65432952E+03     6.65462890E+03     2.18602315E+00     2.39729208E+00     2.39739992E+00     7.83272700E-04
    1.06400000E+00     3.02250000E+01     1.78486165E+02     1.03253090E+00     2.16200000E-07     6.75001943E+03     6.75033417E+03     2.42373565E+00     2.35200261E+00     2.35211223E+00     8.46553500E-04
    1.06400000E+00     3.07250000E+01     1.81438790E+02     1.03253090E+00     2.16200000E-07     6.81645777E+03     6.81678840E+03     2.94761257E+00     2.29849991E+00     2.29861140E+00     9.87312900E-04
    1.06400000E+00     3.12250000E+01     1.84391415E+02     1.03253090E+00     2.16200000E-07     6.85745318E+03     6.85780021E+03     4.87984073E+00     2.23887914E+00     2.23899245E+00     1.59518930E-03
    1.06400000E+00     3.17250000E+01     1.87344040E+02     1.03253090E+00     2.16200000E-07     6.87804215E+03     6.87840612E+03     2.06149348E+00     2.17538624E+00     2.17550133E+00     6.48653000E-04
    1.06400000E+00     3.22250000E+01     1.90296663E+02     1.03253090E+00     2.16200000E-07     6.88432380E+03     6.88470527E+03     4.82082239E+00     2.11033414E+00     2.11045106E+00     1.47903390E-03
    1.06400000E+00     3.27250000E+01     1.93249288E+02     1.03253090E+00     2.16200000E-07     6.88326482E+03     6.88366432E+03     1.21810009E+00     2.04602413E+00     2.04614287E+00     3.61263900E-04
    1.06400000E+00     3.32250000E+01     1.96201912E+02     1.03253090E+00     2.16200000E-07     6.88244689E+03     6.88286496E+03     2.20153322E+00     1.98466435E+00     1.98478489E+00     6.36483400E-04
    1.06400000E+00     3.37250000E+01     1.99154538E+02     1.03253090E+00     2.16200000E-07     6.88979985E+03     6.89023707E+03     2.84483501E+00     1.92829856E+00     1.92842092E+00     7.94099200E-04
    1.06400000E+00     3.42250000E+01     2.02107162E+02     1.03253090E+00     2.16200000E-07     6.91329906E+03     6.91375603E+03     3.13229100E+00     1.87873848E+00     1.87886267E+00     8.54977000E-04
    1.06400000E+00     3.47250000E+01     2.05059788E+02     1.03253090E+00     2.16200000E-07     6.96066266E+03     6.96113995E+03     5.66218764E+00     1.83750846E+00     1.83763443E+00     1.48941690E-03
    1.06400000E+00     3.52250000E+01     2.08012412E+02     1.03253090E+00     2.16200000E-07     7.03904487E+03     7.03954312E+03     8.27734928E+00     1.80579994E+00     1.80592776E+00     2.13082720E-03
    1.06400000E+00     3.57250000E+01     2.10965038E+02     1.03253090E+00     2.16200000E-07     7.15474306E+03     7.15526282E+03     6.61254270E+00     1.78443880E+00     1.78456845E+00     1.64325140E-03
    1.06400000E+00     3.62250000E+01     2.13917662E+02     1.03253090E+00     2.16200000E-07     7.31293547E+03     7.31347734E+03     9.81555976E+00     1.77386718E+00     1.77399861E+00     2.38880500E-03
    1.06400000E+00     3.67250000E+01     2.16870287E+02     1.03253090E+00     2.16200000E-07     7.51744397E+03     7.51800856E+03     4.58302409E+00     1.77413626E+00     1.77426951E+00     1.07833150E-03
    1.06400000E+00     3.72250000E+01     2.19822910E+02     1.03253090E+00     2.16200000E-07     7.77055944E+03     7.77114741E+03     5.77890080E+00     1.78491679E+00     1.78505186E+00     1.33170110E-03
    1.06400000E+00     3.77250000E+01     2.22775535E+02     1.03253090E+00     2.16200000E-07     8.07290175E+03     8.07351377E+03     3.92411738E+00     1.80551758E+00     1.80565447E+00     8.73844400E-04
    1.06400000E+00     3.82250000E+01     2.25728160E+02     1.03253090E+00     2.16200000E-07     8.42336321E+03     8.42399988E+03     4.03244309E+00     1.83492135E+00     1.83506003E+00     8.81062100E-04
    1.06400000E+00     3.87250000E+01     2.28680785E+02     1.03253090E+00     2.16200000E-07     8.81909411E+03     8.81975610E+03     9.85724786E+00     1.87182569E+00     1.87196619E+00     2.08351590E-03
    1.06400000E+00     3.92250000E+01     2.31633410E+02     1.03253090E+00     2.16200000E-07     9.25557628E+03     9.25626427E+03     9.44639787E+00     1.91469776E+00     1.91484010E+00     1.95917230E-03
    1.06400000E+00     3.97250000E+01     2.34586035E+02     1.03253090E+00     2.16200000E-07     9.72674630E+03     9.72746092E+03     1.61240289E+01     1.96183207E+00     1.96197621E+00     3.24214350E-03
    1.06400000E+00     4.02250000E+01     2.37538660E+02     1.03253090E+00     2.16200000E-07     1.02251915E+04     1.02259333E+04     1.54214904E+01     2.01141500E+00     2.01156093E+00     3.04104780E-03
    1.06400000E+00     4.07250000E+01     2.40491285E+02     1.03253090E+00     2.16200000E-07     1.07423994E+04     1.07431692E+04     1.26463796E+01     2.06159109E+00     2.06173885E+00     2.42067360E-03
    1.06400000E+00     4.12250000E+01     2.43443909E+02     1.03253090E+00     2.16200000E-07     1.12690517E+04     1.12698504E+04     1.24447919E+01     2.11052852E+00     2.11067808E+00     2.33809680E-03
    1.06400000E+00     4.17250000E+01     2.46396532E+02     1.03253090E+00     2.16200000E-07     1.17953672E+04     1.17961952E+04     6.15408255E+00     2.15648405E+00     2.15663544E+00     1.12134050E-03
    1.06400000E+00     4.22250000E+01     2.49349158E+02     1.03253090E+00     2.16200000E-07     1.23114529E+04     1.23123111E+04     6.06554194E+00     2.19786072E+00     2.19801396E+00     1.08778230E-03
    1.06400000E+00     4.27250000E+01     2.52301782E+02     1.03253090E+00     2.16200000E-07     1.28076904E+04     1.28085793E+04     1.09698213E+01     2.23326295E+00     2.23341798E+00     1.90794550E-03
    1.06400000E+00     4.32250000E+01     2.55254408E+02     1.03253090E+00     2.16200000E-07     1.32750952E+04     1.32760157E+04     1.12606363E+01     2.26153866E+00     2.26169549E+00     1.92283430E-03
    1.06400000E+00     4.37250000E+01     2.58207032E+02     1.03253090E+00     2.16200000E-07     1.37056863E+04     1.37066393E+04     2.36629554E+01     2.28181700E+00     2.28197566E+00     3.93237150E-03
    1.06400000E+00     4.42250000E+01     2.61159658E+02     1.03253090E+00     2.16200000E-07     1.40928003E+04     1.40937863E+04     2.27467817E+01     2.29353074E+00     2.29369122E+00     3.71027520E-03
    1.06400000E+00     4.47250000E+01     2.64112282E+02     1.03253090E+00     2.16200000E-07     1.44313850E+04     1.44324047E+04     2.70520383E+01     2.29643145E+00     2.29659373E+00     4.29745050E-03
    1.06400000E+00     4.52250000E+01     2.67064908E+02     1.03253090E+00     2.16200000E-07     1.47182201E+04     1.47192745E+04     2.11949391E+01     2.29059014E+00     2.29075426E+00     3.30838220E-03
    1.06400000E+00     4.57250000E+01     2.70017532E+02     1.03253090E+00     2.16200000E-07     1.49520835E+04     1.49531734E+04     1.89299828E+01     2.27638853E+00     2.27655445E+00     2.87664280E-03
    1.06400000E+00     4.62250000E+01     2.72970155E+02     1.03253090E+00     2.16200000E-07     1.51338429E+04     1.51349688E+04     1.21153214E+01     2.25449910E+00     2.25466682E+00     1.80956360E-03
    1.06400000E+00     4.67250000E+01     2.75922780E+02     1.03253090E+00     2.16200000E-07     1.52664620E+04     1.52676249E+04     2.29961123E+01     2.22585421E+00     2.22602376E+00     3.34617460E-03
    1.06400000E+00     4.72250000E+01     2.78875405E+02     1.03253090E+00     2.16200000E-07     1.53549453E+04     1.53561460E+04     1.92833367E+01     2.19160928E+00     2.19178066E+00     2.75296010E-03
    1.06400000E+00     4.77250000E+01     2.81828030E+02     1.03253090E+00     2.16200000E-07     1.54061766E+04     1.54074155E+04     5.28967385E+01     2.15309507E+00     2.15326824E+00     7.38223870E-03
    1.06400000E+00     4.82250000E+01     2.84780655E+02     1.03253090E+00     2.16200000E-07     1.54287147E+04     1.54299933E+04     4.09539756E+01     2.11176906E+00     2.11194402E+00     5.60891440E-03
    1.06400000E+00     4.87250000E+01     2.87733280E+02     1.03253090E+00     2.16200000E-07     1.54324891E+04     1.54338077E+04     7.77851617E+01     2.06915887E+00     2.06933566E+00     1.04197308E-02
    1.06400000E+00     4.92250000E+01     2.90685905E+02     1.03253090E+00     2.16200000E-07     1.54284673E+04     1.54298271E+04     4.90940850E+01     2.02680869E+00     2.02698731E+00     6.45776730E-03
    1.06400000E+00     4.97250000E+01     2.93638530E+02     1.03253090E+00     2.16200000E-07     1.54282487E+04     1.54296503E+04     6.86430625E+01     1.98622206E+00     1.98640247E+00     8.83137590E-03
    1.06400000E+00     5.12250000E+01     3.02496403E+02     1.03253090E+00     2.16200000E-07     1.56146121E+04     1.56161453E+04     6.35416654E+01     1.89475892E+00     1.89494479E+00     7.65096920E-03
    1.06400000E+00     5.37250000E+01     3.17259528E+02     1.03253090E+00     2.16200000E-07     1.68955052E+04     1.68972739E+04     1.25382210E+02     1.86246355E+00     1.86265850E+00     1.38616365E-02
    1.06400000E+00     5.62250000E+01     3.32022650E+02     1.03253090E+00     2.16200000E-07     1.97208661E+04     1.97228933E+04     1.61695848E+02     1.98413127E+00     1.98433529E+00     1.61682077E-02
    1.06400000E+00     5.87250000E+01     3.46785775E+02     1.03253090E+00     2.16200000E-07     2.32678489E+04     2.32701587E+04     2.46222321E+02     2.14635757E+00     2.14657065E+00     2.27525911E-02
    1.06400000E+00     6.12250000E+01     3.61548898E+02     1.03253090E+00     2.16200000E-07     2.60597388E+04     2.60623561E+04     4.28196226E+02     2.21265653E+00     2.21287870E+00     3.62018184E-02
    1.06400000E+00     6.37250000E+01     3.76312022E+02     1.03253090E+00     2.16200000E-07     2.72363084E+04     2.72392595E+04     5.47111713E+02     2.13551186E+00     2.13574310E+00     4.28294731E-02
    1.06400000E+00     6.62250000E+01     3.91075145E+02     1.03253090E+00     2.16200000E-07     2.73793981E+04     2.73827102E+04     8.69714384E+02     1.98780515E+00     1.98804545E+00     6.30702161E-02
    1.06400000E+00     6.87250000E+01     4.05838269E+02     1.03253090E+00     2.16200000E-07     2.81110277E+04     2.81147293E+04     1.02615797E+03     1.89450733E+00     1.89475671E+00     6.89685529E-02
    1.06400000E+00     7.12250000E+01     4.20601392E+02     1.03253090E+00     2.16200000E-07     3.07261468E+04     3.07302670E+04     1.45705997E+03     1.92719241E+00     1.92745085E+00     9.14356120E-02
    1.06400000E+00     7.37250000E+01     4.35364516E+02     1.03253090E+00     2.16200000E-07     3.50123170E+04     3.50168865E+04     1.95492869E+03     2.04945470E+00     2.04972223E+00     1.14144613E-01
    1.06400000E+00     7.62250000E+01     4.50127640E+02     1.03253090E+00     2.16200000E-07     3.93278489E+04     3.93328990E+04     2.46965272E+03     2.15401468E+00     2.15429127E+00     1.35308657E-01
    1.06400000E+00     7.87250000E+01     4.64890763E+02     1.03253090E+00     2.16200000E-07     4.19598225E+04     4.19653858E+04     3.33776326E+03     2.15518387E+00     2.15546953E+00     1.71206549E-01
    1.06400000E+00     8.12250000E+01     4.79653888E+02     1.03253090E+00     2.16200000E-07     4.26397827E+04     4.26458929E+04     3.71178260E+03     2.05771575E+00     2.05801048E+00     1.78942205E-01
    1.06400000E+00     8.37250000E+01     4.94417010E+02     1.03253090E+00     2.16200000E-07     4.28775875E+04     4.28842794E+04     4.87046542E+03     1.94729110E+00     1.94759489E+00     2.21138377E-01
    1.06400000E+00     8.62250000E+01     5.09180135E+02     1.03253090E+00     2.16200000E-07     4.47390339E+04     4.47463433E+04     5.77117049E+03     1.91520588E+00     1.91551876E+00     2.46699496E-01
    1.06400000E+00     8.87250000E+01     5.23943258E+02     1.03253090E+00     2.16200000E-07     4.90539449E+04     4.90619087E+04     7.10669713E+03     1.98288353E+00     1.98320547E+00     2.87490646E-01
    1.06400000E+00     9.12250000E+01     5.38706382E+02     1.03253090E+00     2.16200000E-07     5.46086439E+04     5.46173000E+04     8.66690041E+03     2.08817918E+00     2.08851020E+00     3.31095628E-01
    1.06400000E+00     9.37250000E+01     5.53469505E+02     1.03253090E+00     2.16200000E-07     5.90967848E+04     5.91061721E+04     9.28757556E+03     2.14127099E+00     2.14161108E+00     3.36504329E-01
    1.06400000E+00     9.62250000E+01     5.68232629E+02     1.03253090E+00     2.16200000E-07     6.10896709E+04     6.10998294E+04     1.15329642E+04     2.10034726E+00     2.10069643E+00     3.96184413E-01
    1.06400000E+00     9.87250000E+01     5.82995752E+02     1.03253090E+00     2.16200000E-07     6.13428331E+04     6.13538041E+04     1.24153479E+04     2.00367041E+00     2.00402865E+00     4.04980705E-01
    1.06400000E+00     1.01225000E+02     5.97758876E+02     1.03253090E+00     2.16200000E-07     6.22490595E+04     6.22608849E+04     1.49908994E+04     1.93381566E+00     1.93418296E+00     4.65653262E-01
    1.06400000E+00     1.03725000E+02     6.12522000E+02     1.03253090E+00     2.16200000E-07     6.58211635E+04     6.58338866E+04     1.63311683E+04     1.94704794E+00     1.94742430E+00     4.82661811E-01
    1.06400000E+00     1.06225000E+02     6.27285123E+02     1.03253090E+00     2.16200000E-07     7.19051385E+04     7.19188036E+04     1.75782522E+04     2.02795016E+00     2.02833559E+00     4.96113955E-01
    1.06400000E+00     1.08725000E+02     6.42048248E+02     1.03253090E+00     2.16200000E-07     7.82071948E+04     7.82218475E+04     2.02728954E+04     2.10561323E+00     2.10600774E+00     5.45740948E-01
    1.06400000E+00     1.11225000E+02     6.56811370E+02     1.03253090E+00     2.16200000E-07     8.22010188E+04     8.22167056E+04     2.13575397E+04     2.11509565E+00     2.11549923E+00     5.49654043E-01
    1.06400000E+00     1.13725000E+02     6.71574495E+02     1.03253090E+00     2.16200000E-07     8.33312950E+04     8.33480638E+04     2.52763356E+04     2.05114510E+00     2.05155776E+00     6.22461391E-01
    1.06400000E+00     1.16225000E+02     6.86337618E+02     1.03253090E+00     2.16200000E-07     8.35909661E+04     8.36088661E+04     2.72009752E+04     1.96990781E+00     1.97032957E+00     6.40864585E-01
    1.06400000E+00     1.18725000E+02     7.01100742E+02     1.03253090E+00     2.16200000E-07     8.58909605E+04     8.59100408E+04     3.05553812E+04     1.93950262E+00     1.93993345E+00     6.89801921E-01
    1.06400000E+00     1.21225000E+02     7.15863865E+02     1.03253090E+00     2.16200000E-07     9.15563778E+04     9.15766879E+04     3.28431728E+04     1.98282388E+00     1.98326377E+00     7.10473076E-01
    1.06400000E+00     1.23725000E+02     7.30626989E+02     1.03253090E+00     2.16200000E-07     9.91008106E+04     9.91224028E+04     3.58721402E+04     2.06037179E+00     2.06082071E+00     7.45513456E-01
    1.06400000E+00     1.26225000E+02     7.45390112E+02     1.03253090E+00     2.16200000E-07     1.05401479E+05     1.05424405E+05     4.13100510E+04     2.10563650E+00     2.10609449E+00     8.24837464E-01
    1.06400000E+00     1.28725000E+02     7.60153236E+02     1.03253090E+00     2.16200000E-07     1.08361591E+05     1.08385907E+05     4.24510162E+04     2.08172939E+00     2.08219644E+00     8.15284612E-01
    1.06400000E+00     1.31225000E+02     7.74916360E+02     1.03253090E+00     2.16200000E-07     1.08780942E+05     1.08806702E+05     4.81975978E+04     2.01098445E+00     2.01146057E+00     8.91286598E-01
    1.06400000E+00     1.33725000E+02     7.89679483E+02     1.03253090E+00     2.16200000E-07     1.09774797E+05     1.09802057E+05     5.05797880E+04     1.95405448E+00     1.95453967E+00     9.00402757E-01
    1.06400000E+00     1.36225000E+02     8.04442608E+02     1.03253090E+00     2.16200000E-07     1.14148586E+05     1.14177405E+05     5.38002155E+04     1.95780557E+00     1.95829987E+00     9.23719587E-01
    1.06400000E+00     1.38725000E+02     8.19205730E+02     1.03253090E+00     2.16200000E-07     1.21940407E+05     1.21970848E+05     6.18805108E+04     2.01664723E+00     2.01715070E+00     1.02364865E+00
    1.06400000E+00     1.41225000E+02     8.33968855E+02     1.03253090E+00     2.16200000E-07     1.30274050E+05     1.30306161E+05     6.04623282E+04     2.07895854E+00     2.07947098E+00     9.64085762E-01
    1.06400000E+00     1.43725000E+02     8.48731978E+02     1.03253090E+00     2.16200000E-07     1.35777751E+05     1.35811598E+05     6.12465123E+04     2.09225563E+00     2.09277715E+00     9.43517211E-01
    1.06400000E+00     1.46225000E+02     8.63495102E+02     1.03253090E+00     2.16200000E-07     1.37477928E+05     1.37513569E+05     6.60087067E+04     2.04676860E+00     2.04729914E+00     9.82282432E-01
    1.06400000E+00     1.48725000E+02     8.78258225E+02     1.03253090E+00     2.16200000E-07     1.37749514E+05     1.37787018E+05     6.37199419E+04     1.98242076E+00     1.98296044E+00     9.16813784E-01
    1.06400000E+00     1.51225000E+02     8.93021349E+02     1.03253090E+00     2.16200000E-07     1.40353802E+05     1.40393228E+05     6.71443838E+04     1.95351485E+00     1.95406357E+00     9.34735745E-01
    1.06400000E+00     1.53725000E+02     9.07784472E+02     1.03253090E+00     2.16200000E-07     1.47227625E+05     1.47269034E+05     6.48744793E+04     1.98293664E+00     1.98349438E+00     8.73995713E-01
    1.06400000E+00     1.56225000E+02     9.22547596E+02     1.03253090E+00     2.16200000E-07     1.56730043E+05     1.56773507E+05     6.40899814E+04     2.04389312E+00     2.04445997E+00     8.36677066E-01
    1.06400000E+00     1.58725000E+02     9.37310720E+02     1.03253090E+00     2.16200000E-07     1.64955132E+05     1.65000746E+05     7.08094697E+04     2.08404927E+00     2.08462555E+00     8.94620305E-01
    1.06400000E+00     1.61225000E+02     9.52073843E+02     1.03253090E+00     2.16200000E-07     1.69028683E+05     1.69076455E+05     6.25730825E+04     2.06994692E+00     2.07053189E+00     7.65371648E-01
    1.06400000E+00     1.63725000E+02     9.66836968E+02     1.03253090E+00     2.16200000E-07     1.69687435E+05     1.69737476E+05     6.19960225E+04     2.01509216E+00     2.01568634E+00     7.35721891E-01
    1.06400000E+00     1.66225000E+02     9.81600090E+02     1.03253090E+00     2.16200000E-07     1.70695686E+05     1.70748040E+05     6.00938707E+04     1.96647361E+00     1.96707670E+00     6.92030660E-01
    1.06400000E+00     1.68725000E+02     9.96363214E+02     1.03253090E+00     2.16200000E-07     1.75714150E+05     1.75768891E+05     5.64398926E+04     1.96460805E+00     1.96522009E+00     6.31621652E-01
    1.06400000E+00     1.71225000E+02     1.01112634E+03     1.03253090E+00     2.16200000E-07     1.85107265E+05     1.85164525E+05     6.32825757E+04     2.00956097E+00     2.01018262E+00     6.87848480E-01
    1.06400000E+00     1.73725000E+02     1.02588946E+03     1.03253090E+00     2.16200000E-07     1.95502634E+05     1.95562385E+05     5.34891202E+04     2.06181877E+00     2.06244895E+00     5.65030586E-01
    1.06400000E+00     1.76225000E+02     1.04065259E+03     1.03253090E+00     2.16200000E-07     2.02667003E+05     2.02729495E+05     6.64373738E+04     2.07728620E+00     2.07792669E+00     6.81093495E-01
    1.06400000E+00     1.78725000E+02     1.05541571E+03     1.03253090E+00     2.16200000E-07     2.05056300E+05     2.05121363E+05     5.21383008E+04     2.04348347E+00     2.04413177E+00     5.18830874E-01
    1.06400000E+00     1.81225000E+02     1.07017884E+03     1.03253090E+00     2.16200000E-07     2.05357248E+05     2.05425213E+05     5.91889726E+04     1.99040289E+00     1.99106156E+00     5.73303505E-01
    1.06400000E+00     1.83725000E+02     1.08494196E+03     1.03253090E+00     2.16200000E-07     2.08142985E+05     2.08213667E+05     5.15565542E+04     1.96277563E+00     1.96344212E+00     4.85973290E-01
    1.06400000E+00     1.86225000E+02     1.09970507E+03     1.03253090E+00     2.16200000E-07     2.16091087E+05     2.16164804E+05     5.22638089E+04     1.98327946E+00     1.98395604E+00     4.79668008E-01
    1.06400000E+00     1.88725000E+02     1.11446820E+03     1.03253090E+00     2.16200000E-07     2.27494756E+05     2.27571337E+05     4.64864493E+04     2.03297568E+00     2.03366006E+00     4.15604697E-01
    1.06400000E+00     1.91225000E+02     1.12923133E+03     1.03253090E+00     2.16200000E-07     2.37717190E+05     2.37796949E+05     4.75364840E+04     2.06922384E+00     2.06991810E+00     4.13799969E-01
    1.06400000E+00     1.93725000E+02     1.14399445E+03     1.03253090E+00     2.16200000E-07     2.43051361E+05     2.43134178E+05     4.72864610E+04     2.06150689E+00     2.06220929E+00     4.01220570E-01
    1.06400000E+00     1.96225000E+02     1.15875757E+03     1.03253090E+00     2.16200000E-07     2.44031938E+05     2.44118299E+05     5.79941628E+04     2.01746322E+00     2.01817710E+00     4.78669362E-01
    1.06400000E+00     1.98725000E+02     1.17352070E+03     1.03253090E+00     2.16200000E-07     2.45009591E+05     2.45099243E+05     5.69497314E+04     1.97485583E+00     1.97557839E+00     4.59048464E-01
    1.06400000E+00     2.01225000E+02     1.18828383E+03     1.03253090E+00     2.16200000E-07     2.50564374E+05     2.50657902E+05     6.74040490E+04     1.96966192E+00     1.97039714E+00     5.30328937E-01
    1.06400000E+00     2.03725000E+02     1.20304695E+03     1.03253090E+00     2.16200000E-07     2.61435617E+05     2.61531959E+05     3.81298267E+04     2.00493139E+00     2.00567024E+00     2.92377642E-01
    1.06400000E+00     2.06225000E+02     1.21781007E+03     1.03253090E+00     2.16200000E-07     2.73912357E+05     2.74012301E+05     3.59123197E+04     2.05002098E+00     2.05076898E+00     2.68982716E-01
    1.06400000E+00     2.08725000E+02     1.23257319E+03     1.03253090E+00     2.16200000E-07     2.82825251E+05     2.82929799E+05     5.62959250E+04     2.06641031E+00     2.06717410E+00     4.10695544E-01
    1.06400000E+00     2.11225000E+02     1.24733631E+03     1.03253090E+00     2.16200000E-07     2.86006771E+05     2.86114197E+05     3.59325824E+04     2.04055626E+00     2.04132265E+00     2.56444170E-01
    1.06400000E+00     2.13725000E+02     1.26209944E+03     1.03253090E+00     2.16200000E-07     2.86336713E+05     2.86447960E+05     4.20011412E+04     1.99539811E+00     1.99617331E+00     2.92613555E-01
    1.06400000E+00     2.16225000E+02     1.27686256E+03     1.03253090E+00     2.16200000E-07     2.89270802E+05     2.89386640E+05     4.95951385E+04     1.96943110E+00     1.97021969E+00     3.37235946E-01
    1.06400000E+00     2.18725000E+02     1.29162569E+03     1.03253090E+00     2.16200000E-07     2.98202100E+05     2.98322021E+05     6.08414967E+04     1.98401582E+00     1.98481372E+00     4.05181897E-01
    1.06400000E+00     2.21225000E+02     1.30638881E+03     1.03253090E+00     2.16200000E-07     3.11493392E+05     3.11617971E+05     6.51338959E+04     2.02585321E+00     2.02666348E+00     4.24023591E-01
    1.06400000E+00     2.23725000E+02     1.32115194E+03     1.03253090E+00     2.16200000E-07     3.23722753E+05     3.23850675E+05     5.85105051E+04     2.05865205E+00     2.05946552E+00     3.71883300E-01
    1.06400000E+00     2.26225000E+02     1.33591506E+03     1.03253090E+00     2.16200000E-07     3.30364132E+05     3.30497346E+05     7.02642346E+04     2.05478691E+00     2.05561542E+00     4.36693423E-01
    1.06400000E+00     2.28725000E+02     1.35067818E+03     1.03253090E+00     2.16200000E-07     3.31657030E+05     3.31793739E+05     6.22241890E+04     2.01801831E+00     2.01885009E+00     3.78726567E-01
    1.06400000E+00     2.31225000E+02     1.36544130E+03     1.03253090E+00     2.16200000E-07     3.32611625E+05     3.32753694E+05     7.54820290E+04     1.98026886E+00     1.98111464E+00     4.49754993E-01
    1.06400000E+00     2.33725000E+02     1.38020443E+03     1.03253090E+00     2.16200000E-07     3.38700139E+05     3.38846208E+05     6.69373011E+04     1.97353913E+00     1.97439023E+00     3.90085021E-01
    1.06400000E+00     2.36225000E+02     1.39496755E+03     1.03253090E+00     2.16200000E-07     3.51132543E+05     3.51283958E+05     8.08987432E+04     2.00285643E+00     2.00372012E+00     4.61767758E-01
    1.06400000E+00     2.38725000E+02     1.40973067E+03     1.03253090E+00     2.16200000E-07     3.65677425E+05     3.65833537E+05     8.81672079E+04     2.04237908E+00     2.04325101E+00     4.92335548E-01
    1.06400000E+00     2.41225000E+02     1.42449380E+03     1.03253090E+00     2.16200000E-07     3.76237976E+05     3.76400310E+05     1.17010491E+05     2.05809512E+00     2.05898308E+00     6.39850837E-01
    1.06400000E+00     2.43725000E+02     1.43925693E+03     1.03253090E+00     2.16200000E-07     3.80073933E+05     3.80240437E+05     1.05586060E+05     2.03670128E+00     2.03759346E+00     5.65491716E-01
    1.06400000E+00     2.46225000E+02     1.45402005E+03     1.03253090E+00     2.16200000E-07     3.80421863E+05     3.80593677E+05     1.12801425E+05     1.99738247E+00     1.99828453E+00     5.92123686E-01
    1.06400000E+00     2.48725000E+02     1.46878317E+03     1.03253090E+00     2.16200000E-07     3.83644304E+05     3.83821679E+05     1.24308577E+05     1.97396215E+00     1.97487478E+00     6.39418903E-01
    1.06400000E+00     2.52475000E+02     1.49092786E+03     1.03253090E+00     2.16200000E-07     4.01327454E+05     4.01513765E+05     1.46928559E+05     2.00376649E+00     2.00469676E+00     7.32949073E-01
    1.06400000E+00     2.57475000E+02     1.52045410E+03     1.03253090E+00     2.16200000E-07     4.26969978E+05     4.27166905E+05     1.57951360E+05     2.05006109E+00     2.05100656E+00     7.59198101E-01
    1.06400000E+00     2.62475000E+02     1.54998035E+03     1.03253090E+00     2.16200000E-07     4.33005633E+05     4.33214457E+05     1.69098920E+05     2.00078354E+00     2.00174832E+00     7.81185298E-01
    1.06400000E+00     2.67475000E+02     1.57950660E+03     1.03253090E+00     2.16200000E-07     4.47072054E+05     4.47293343E+05     1.62842039E+05     1.98891261E+00     1.98989707E+00     7.24057478E-01
    1.06400000E+00     2.72475000E+02     1.60903285E+03     1.03253090E+00     2.16200000E-07     4.76745726E+05     4.76979091E+05     1.90862228E+05     2.04386220E+00     2.04486266E+00     8.17834330E-01
    1.06400000E+00     2.77475000E+02     1.63855909E+03     1.03253090E+00     2.16200000E-07     4.87960341E+05     4.88207243E+05     1.73961518E+05     2.01752515E+00     2.01854582E+00     7.19732064E-01
    1.06400000E+00     2.82475000E+02     1.66808534E+03     1.03253090E+00     2.16200000E-07     4.96828374E+05     4.97088374E+05     1.55994102E+05     1.98186848E+00     1.98290560E+00     6.22460230E-01
    1.06400000E+00     2.87475000E+02     1.69761159E+03     1.03253090E+00     2.16200000E-07     5.27324092E+05     5.27598313E+05     1.49978178E+05     2.03087479E+00     2.03193093E+00     5.77622566E-01
    1.06400000E+00     2.92475000E+02     1.72713784E+03     1.03253090E+00     2.16200000E-07     5.45937678E+05     5.46226622E+05     1.64679639E+05     2.03159436E+00     2.03266946E+00     6.12328264E-01
    1.06400000E+00     2.97475000E+02     1.75666408E+03     1.03253090E+00     2.16200000E-07     5.51352479E+05     5.51657111E+05     1.56080357E+05     1.98325579E+00     1.98435147E+00     5.61893261E-01
    1.06400000E+00     3.02475000E+02     1.78619033E+03     1.03253090E+00     2.16200000E-07     5.79193654E+05     5.79513516E+05     1.51334965E+05     2.01487621E+00     2.01598898E+00     5.26976028E-01
    1.06400000E+00     3.07475000E+02     1.81571657E+03     1.03253090E+00     2.16200000E-07     6.05803036E+05     6.06138864E+05     1.36471404E+05     2.03970516E+00     2.04083577E+00     4.59578643E-01
    1.06400000E+00     3.12475000E+02     1.84524283E+03     1.03253090E+00     2.16200000E-07     6.10957413E+05     6.11310243E+05     1.35129041E+05     1.99180147E+00     1.99295162E+00     4.40131636E-01
    1.06400000E+00     3.17475000E+02     1.87476907E+03     1.03253090E+00     2.16200000E-07     6.33297722E+05     6.33668453E+05     1.34535756E+05     1.99985876E+00     2.00102949E+00     4.24847573E-01
    1.06400000E+00     3.22475000E+02     1.90429532E+03     1.03253090E+00     2.16200000E-07     6.66589886E+05     6.66977331E+05     1.00394168E+05     2.04035366E+00     2.04153954E+00     3.06966043E-01
    1.06400000E+00     3.27475000E+02     1.93382156E+03     1.03253090E+00     2.16200000E-07     6.75322473E+05     6.75728741E+05     1.11261702E+05     2.00459785E+00     2.00580368E+00     3.30534425E-01
    1.06400000E+00     3.32475000E+02     1.96334781E+03     1.03253090E+00     2.16200000E-07     6.90818806E+05     6.91244078E+05     1.09192799E+05     1.98916161E+00     1.99038612E+00     3.14076132E-01
    1.06400000E+00     3.37475000E+02     1.99287406E+03     1.03253090E+00     2.16200000E-07     7.27773390E+05     7.28218315E+05     1.60930179E+05     2.03394292E+00     2.03518639E+00     4.49931635E-01
    1.06400000E+00     3.42475000E+02     2.02240031E+03     1.03253090E+00     2.16200000E-07     7.43589784E+05     7.44053906E+05     2.05404915E+05     2.01811591E+00     2.01937542E+00     5.57653026E-01
    1.06400000E+00     3.47475000E+02     2.05192655E+03     1.03253090E+00     2.16200000E-07     7.52970465E+05     7.53458063E+05     2.15259783E+05     1.98504489E+00     1.98633029E+00     5.66910495E-01
    1.06400000E+00     3.52475000E+02     2.08145280E+03     1.03253090E+00     2.16200000E-07     7.89439272E+05     7.89945721E+05     1.84856525E+05     2.02246382E+00     2.02376133E+00     4.73664092E-01
    1.06400000E+00     3.57475000E+02     2.11097905E+03     1.03253090E+00     2.16200000E-07     8.14456537E+05     8.14984382E+05     2.44911758E+05     2.02879768E+00     2.03011243E+00     6.09600078E-01
    1.06400000E+00     3.62475000E+02     2.14050530E+03     1.03253090E+00     2.16200000E-07     8.20458649E+05     8.21008859E+05     2.40075855E+05     1.98771532E+00     1.98904824E+00     5.81639090E-01
    1.06400000E+00     3.67475000E+02     2.17003154E+03     1.03253090E+00     2.16200000E-07     8.52423220E+05     8.52996573E+05     2.69863727E+05     2.00917662E+00     2.01052805E+00     6.36020594E-01
    1.06400000E+00     3.72475000E+02     2.19955779E+03     1.03253090E+00     2.16200000E-07     8.86585442E+05     8.87182583E+05     3.03243572E+05     2.03412216E+00     2.03549214E+00     6.95225107E-01
    1.06400000E+00     3.77475000E+02     2.22908404E+03     1.03253090E+00     2.16200000E-07     8.93446981E+05     8.94068794E+05     3.42723328E+05     1.99597595E+00     1.99736499E+00     7.66137712E-01
    1.06400000E+00     3.82475000E+02     2.25861029E+03     1.03253090E+00     2.16200000E-07     9.17968211E+05     9.18616095E+05     3.04882513E+05     1.99731211E+00     1.99872178E+00     6.63685535E-01
    1.06400000E+00     3.87475000E+02     2.28813654E+03     1.03253090E+00     2.16200000E-07     9.59035812E+05     9.59710138E+05     3.10902262E+05     2.03323137E+00     2.03466100E+00     6.59390417E-01
    1.06400000E+00     3.92475000E+02     2.31766277E+03     1.03253090E+00     2.16200000E-07     9.71260495E+05     9.71960827E+05     3.10727201E+05     2.00714014E+00     2.00858728E+00     6.41673633E-01
    1.06400000E+00     3.97475000E+02     2.34718903E+03     1.03253090E+00     2.16200000E-07     9.87528636E+05     9.88255248E+05     2.88314767E+05     1.98959373E+00     1.99105763E+00     5.81321226E-01
    1.06400000E+00     4.02475000E+02     2.37671528E+03     1.03253090E+00     2.16200000E-07     1.03139725E+06     1.03215282E+06     2.24351698E+05     2.02665089E+00     2.02813555E+00     4.40962514E-01
    1.06400000E+00     4.07475000E+02     2.40624152E+03     1.03253090E+00     2.16200000E-07     1.05269118E+06     1.05347413E+06     2.23992695E+05     2.01819272E+00     2.01969365E+00     4.29394450E-01
    1.06400000E+00     4.12475000E+02     2.43576777E+03     1.03253090E+00     2.16200000E-07     1.06234124E+06     1.06315427E+06     3.01495582E+05     1.98753217E+00     1.98905322E+00     5.63954676E-01
    1.06400000E+00     4.17475000E+02     2.46529401E+03     1.03253090E+00     2.16200000E-07     1.10410591E+06     1.10494934E+06     3.06614143E+05     2.01639899E+00     2.01793937E+00     5.60312745E-01
    1.06400000E+00     4.22475000E+02     2.49482026E+03     1.03253090E+00     2.16200000E-07     1.13622850E+06     1.13710333E+06     2.65356412E+05     2.02637797E+00     2.02793806E+00     4.73081867E-01
    1.06400000E+00     4.27475000E+02     2.52434651E+03     1.03253090E+00     2.16200000E-07     1.14302210E+06     1.14392682E+06     2.62761323E+05     1.99107667E+00     1.99265257E+00     4.57777760E-01
    1.06400000E+00     4.32475000E+02     2.55387276E+03     1.03253090E+00     2.16200000E-07     1.17822207E+06     1.17915976E+06     2.82940528E+05     2.00508453E+00     2.00668032E+00     4.81302935E-01
    1.06400000E+00     4.37475000E+02     2.58339900E+03     1.03253090E+00     2.16200000E-07     1.22039969E+06     1.22137017E+06     2.48364862E+05     2.02975632E+00     2.03137035E+00     4.13197903E-01
    1.06400000E+00     4.42475000E+02     2.61292525E+03     1.03253090E+00     2.16200000E-07     1.22949276E+06     1.23049692E+06     2.56064322E+05     1.99898303E+00     2.00061556E+00     4.16259895E-01
    1.06400000E+00     4.47475000E+02     2.64245150E+03     1.03253090E+00     2.16200000E-07     1.25537541E+06     1.25641481E+06     2.81497888E+05     1.99557824E+00     1.99723052E+00     4.47664997E-01
    1.06400000E+00     4.52475000E+02     2.67197775E+03     1.03253090E+00     2.16200000E-07     1.30424217E+06     1.30531651E+06     2.81382002E+05     2.02772541E+00     2.02939567E+00     4.37273631E-01
    1.06400000E+00     4.57475000E+02     2.70150400E+03     1.03253090E+00     2.16200000E-07     1.32074449E+06     1.32185564E+06     3.27550575E+05     2.00884333E+00     2.01053330E+00     4.97992265E-01
    1.06400000E+00     4.62475000E+02     2.73103024E+03     1.03253090E+00     2.16200000E-07     1.33720989E+06     1.33835738E+06     3.82972279E+05     1.99004789E+00     1.99175557E+00     5.70239416E-01
    1.06400000E+00     4.67475000E+02     2.76055649E+03     1.03253090E+00     2.16200000E-07     1.38762470E+06     1.38880893E+06     3.76258256E+05     2.02110792E+00     2.02283280E+00     5.47969573E-01
    1.06400000E+00     4.72475000E+02     2.79008274E+03     1.03253090E+00     2.16200000E-07     1.41523191E+06     1.41645578E+06     3.73690267E+05     2.01803726E+00     2.01978235E+00     5.32330190E-01
    1.06400000E+00     4.77475000E+02     2.81960899E+03     1.03253090E+00     2.16200000E-07     1.42491896E+06     1.42618299E+06     5.89048527E+05     1.98947023E+00     1.99123502E+00     8.21703011E-01
    1.06400000E+00     4.82475000E+02     2.84913523E+03     1.03253090E+00     2.16200000E-07     1.47126393E+06     1.47256810E+06     6.06989709E+05     2.01174530E+00     2.01352860E+00     8.30402124E-01
    1.06400000E+00     4.87475000E+02     2.87866147E+03     1.03253090E+00     2.16200000E-07     1.51120518E+06     1.51254851E+06     4.88059683E+05     2.02428837E+00     2.02608772E+00     6.53784750E-01
    1.06400000E+00     4.92475000E+02     2.90818772E+03     1.03253090E+00     2.16200000E-07     1.51900622E+06     1.52039278E+06     4.48950878E+05     1.99363834E+00     1.99545809E+00     5.89040216E-01
    1.06400000E+00     4.97475000E+02     2.93771398E+03     1.03253090E+00     2.16200000E-07     1.55663177E+06     1.55806141E+06     5.75744804E+05     2.00205894E+00     2.00389768E+00     7.40698103E-01
    1.06400000E+00     5.12475000E+02     3.02629271E+03     1.03253090E+00     2.16200000E-07     1.65952358E+06     1.66108648E+06     3.77014050E+05     2.01100177E+00     2.01289486E+00     4.58553853E-01
    1.06400000E+00     5.37475000E+02     3.17392395E+03     1.03253090E+00     2.16200000E-07     1.81980794E+06     1.82161096E+06     4.62743812E+05     2.00480021E+00     2.00678585E+00     5.09446584E-01
    1.06400000E+00     5.62475000E+02     3.32155519E+03     1.03253090E+00     2.16200000E-07     1.99685287E+06     1.99892052E+06     5.24839362E+05     2.00876575E+00     2.01084500E+00     5.27523373E-01
    1.06400000E+00     5.87475000E+02     3.46918642E+03     1.03253090E+00     2.16200000E-07     2.17488167E+06     2.17723891E+06     7.28196253E+05     2.00554157E+00     2.00771463E+00     6.70400249E-01
    1.06400000E+00     6.12475000E+02     3.61681766E+03     1.03253090E+00     2.16200000E-07     2.36506748E+06     2.36773747E+06     6.96376878E+05     2.00662768E+00     2.00889232E+00     5.91906347E-01
    1.06400000E+00     6.37475000E+02     3.76444890E+03     1.03253090E+00     2.16200000E-07     2.56170203E+06     2.56471290E+06     4.96776259E+05     2.00626504E+00     2.00862253E+00     3.87521698E-01
    1.06400000E+00     6.62475000E+02     3.91208013E+03     1.03253090E+00     2.16200000E-07     2.76431269E+06     2.76769422E+06     8.21554874E+05     2.00472608E+00     2.00717779E+00     5.96175131E-01
    1.06400000E+00     6.87475000E+02     4.05971137E+03     1.03253090E+00     2.16200000E-07     2.98004464E+06     2.98382446E+06     9.50772241E+05     2.00680355E+00     2.00934840E+00     6.39389478E-01
    1.06400000E+00     7.12475000E+02     4.20734261E+03     1.03253090E+00     2.16200000E-07     3.19482628E+06     3.19903421E+06     1.07824081E+06     2.00317724E+00     2.00581504E+00     6.76491940E-01
    1.06400000E+00     7.37475000E+02     4.35497384E+03     1.03253090E+00     2.16200000E-07     3.42962401E+06     3.43429020E+06     6.61389704E+05     2.00704218E+00     2.00977236E+00     3.89160294E-01
    1.06400000E+00     7.62475000E+02     4.50260508E+03     1.03253090E+00     2.16200000E-07     3.65687668E+06     3.66203461E+06     1.01200375E+06     2.00204407E+00     2.00486737E+00     5.51991447E-01
    1.06400000E+00     7.87475000E+02     4.65023632E+03     1.03253090E+00     2.16200000E-07     3.91015702E+06     3.91583994E+06     1.22874981E+06     2.00693251E+00     2.00984885E+00     6.30294241E-01
    1.06400000E+00     8.12475000E+02     4.79786755E+03     1.03253090E+00     2.16200000E-07     4.15075340E+06     4.15699615E+06     1.48333307E+06     2.00135317E+00     2.00436273E+00     7.15116047E-01
    1.06400000E+00     8.37475000E+02     4.94549879E+03     1.03253090E+00     2.16200000E-07     4.42135419E+06     4.42819039E+06     1.21255067E+06     2.00645774E+00     2.00955961E+00     5.51559446E-01
    1.06400000E+00     8.62475000E+02     5.09313002E+03     1.03253090E+00     2.16200000E-07     4.67665279E+06     4.68412050E+06     8.46575328E+05     2.00106346E+00     2.00425833E+00     3.60480806E-01
    1.06400000E+00     8.87475000E+02     5.24076126E+03     1.03253090E+00     2.16200000E-07     4.96304274E+06     4.97117983E+06     1.59928387E+06     2.00566911E+00     2.00895703E+00     6.46175686E-01
    1.06400000E+00     9.12475000E+02     5.38839250E+03     1.03253090E+00     2.16200000E-07     5.23469664E+06     5.24354033E+06     1.82690871E+06     2.00110649E+00     2.00448682E+00     6.98202942E-01
    1.06400000E+00     9.37475000E+02     5.53602373E+03     1.03253090E+00     2.16200000E-07     5.53512308E+06     5.54471417E+06     1.73278637E+06     2.00463564E+00     2.00810875E+00     6.27852506E-01
    1.06400000E+00     9.62475000E+02     5.68365497E+03     1.03253090E+00     2.16200000E-07     5.82489601E+06     5.83527479E+06     1.00908329E+06     2.00139077E+00     2.00495647E+00     3.48635905E-01
    1.06400000E+00     9.87475000E+02     5.83128621E+03     1.03253090E+00     2.16200000E-07     6.13767791E+06     6.14888950E+06     1.75434214E+06     2.00346800E+00     2.00712727E+00     5.70256492E-01
    1.06400000E+00     1.01247500E+03     5.97891744E+03     1.03253090E+00     2.16200000E-07     6.44709076E+06     6.45917268E+06     2.10358750E+06     2.00179652E+00     2.00554755E+00     6.52875821E-01
    1.06400000E+00     1.03747500E+03     6.12654868E+03     1.03253090E+00     2.16200000E-07     6.77087277E+06     6.78387380E+06     2.31675749E+06     2.00226713E+00     2.00611137E+00     6.85558278E-01
    1.06400000E+00     1.06247500E+03     6.27417991E+03     1.03253090E+00     2.16200000E-07     7.10103785E+06     7.11500130E+06     1.85846158E+06     2.00221841E+00     2.00615524E+00     5.25179441E-01
    1.06400000E+00     1.08747500E+03     6.42181115E+03     1.03253090E+00     2.16200000E-07     7.43499398E+06     7.44996473E+06     1.22448965E+06     2.00113366E+00     2.00516266E+00     3.28094938E-01
    1.06400000E+00     1.11247500E+03     6.56944239E+03     1.03253090E+00     2.16200000E-07     7.78633048E+06     7.80235710E+06     2.61389910E+06     2.00254272E+00     2.00666425E+00     6.72898924E-01
    1.06400000E+00     1.13747500E+03     6.71707362E+03     1.03253090E+00     2.16200000E-07     8.13050624E+06     8.14763906E+06     2.78669722E+06     2.00017856E+00     2.00439303E+00     6.85957510E-01
    1.06400000E+00     1.16247500E+03     6.86470486E+03     1.03253090E+00     2.16200000E-07     8.50257568E+06     8.52086197E+06     2.50694349E+06     2.00269630E+00     2.00700314E+00     5.90651151E-01
    1.06400000E+00     1.18747500E+03     7.01233610E+03     1.03253090E+00     2.16200000E-07     8.85770786E+06     8.87719902E+06     1.53755997E+06     1.99943738E+00     2.00383674E+00     3.48425771E-01
    1.06400000E+00     1.21247500E+03     7.15996733E+03     1.03253090E+00     2.16200000E-07     9.24936784E+06     9.27011357E+06     2.75065638E+06     2.00262936E+00     2.00712080E+00     5.93812222E-01
    1.06400000E+00     1.23747500E+03     7.30759857E+03     1.03253090E+00     2.16200000E-07     9.61700845E+06     9.63906472E+06     3.24272677E+06     1.99895435E+00     2.00353856E+00     6.73882013E-01
    1.06400000E+00     1.26247500E+03     7.45522981E+03     1.03253090E+00     2.16200000E-07     1.00263702E+07     1.00497874E+07     3.08154357E+06     2.00232403E+00     2.00700025E+00     6.15435203E-01
    1.06400000E+00     1.28747500E+03     7.60286104E+03     1.03253090E+00     2.16200000E-07     1.04086669E+07     1.04335044E+07     2.70181422E+06     1.99872725E+00     2.00349638E+00     5.19787245E-01
    1.06400000E+00     1.31247500E+03     7.75049228E+03     1.03253090E+00     2.16200000E-07     1.08333897E+07     1.08596949E+07     2.06534923E+06     2.00179807E+00     2.00665846E+00     3.80284220E-01
    1.06400000E+00     1.33747500E+03     7.89812352E+03     1.03253090E+00     2.16200000E-07     1.12327557E+07     1.12605958E+07     3.85035509E+06     1.99871723E+00     2.00367070E+00     6.85057420E-01
    1.06400000E+00     1.36247500E+03     8.04575475E+03     1.03253090E+00     2.16200000E-07     1.16703845E+07     1.16998120E+07     3.79723998E+06     2.00109416E+00     2.00613970E+00     6.51430530E-01
    1.06400000E+00     1.38747500E+03     8.19338599E+03     1.03253090E+00     2.16200000E-07     1.20892342E+07     1.21203063E+07     3.65701897E+06     1.99887371E+00     2.00401101E+00     6.04975599E-01
    1.06400000E+00     1.41247500E+03     8.34101722E+03     1.03253090E+00     2.16200000E-07     1.25374975E+07     1.25702809E+07     2.41833558E+06     2.00027575E+00     2.00550585E+00     3.86715230E-01
    1.06400000E+00     1.43747500E+03     8.48864846E+03     1.03253090E+00     2.16200000E-07     1.29778313E+07     1.30123723E+07     3.85337830E+06     1.99912095E+00     2.00444143E+00     5.93027483E-01
    1.06400000E+00     1.46247500E+03     8.63627970E+03     1.03253090E+00     2.16200000E-07     1.34350130E+07     1.34713946E+07     4.47898119E+06     1.99941300E+00     2.00482705E+00     6.66324968E-01
    1.06400000E+00     1.48747500E+03     8.78391093E+03     1.03253090E+00     2.16200000E-07     1.38982028E+07     1.39364776E+07     4.33611389E+06     1.99939064E+00     2.00489660E+00     6.23684958E-01
    1.06400000E+00     1.51247500E+03     8.93154217E+03     1.03253090E+00     2.16200000E-07     1.43634199E+07     1.44036580E+07     3.98881974E+06     1.99858788E+00     2.00418651E+00     5.56204100E-01
    1.06400000E+00     1.53132500E+03     9.04285612E+03     1.03253090E+00     2.16200000E-07     1.47391189E+07     1.47808653E+07     2.78833967E+06     2.00070440E+00     2.00637106E+00     3.78060001E-01
